nn_fix,CompoundName,score,pred_prob
0,Westiellamide,0.08352052276904227,0.45823973861547884
1,Tychonamide B,0.2600353916363975,0.6300176958181988
1,Tychonamide A,0.25225631768953066,0.6261281588447654
1,Trichormamide B,0.6608305274971942,0.8304152637485971
1,Tricholide B,0.08717948717948718,0.5435897435897435
1,Tricholide A,0.08232445520581114,0.5411622276029056
1,Smenamide C,0.12164948453608247,0.5608247422680412
1,Credneramide A,0.10149253731343283,0.5507462686567164
1,Credneramide B,0.13076923076923078,0.5653846153846154
1,Smenamide E,0.14285714285714285,0.5714285714285714
1,Smenamide D,0.09640522875816994,0.548202614379085
1,Trichophycin A,0.25,0.625
0,Tjipanazole G2,0.018351477449455676,0.4908242612752722
0,Tjipanazole G1,0.018351477449455676,0.4908242612752722
0,Tjipanazole J,0.021932612841703752,0.4890336935791481
0,Tjipanazole D,0.019220208676551345,0.4903898956617243
0,Tjipanazole F2,0.01676785198034114,0.49161607400982943
0,Tjipanazole C4,0.01686814731515322,0.4915659263424234
0,Tjipanazole C2,0.01686814731515322,0.4915659263424234
0,Tjipanazole I,0.019305019305019305,0.49034749034749037
0,Tjipanazole F1,0.017409265269991148,0.49129536736500445
0,Tjipanazole C3,0.01751363766867643,0.4912431811656618
0,Tjipanazole C1,0.01751363766867643,0.4912431811656618
0,Tjipanazole B,0.016462053571428572,0.4917689732142857
0,Tjipanazole A2,0.016535646516671186,0.4917321767416644
0,Tjipanazole E,0.016341591987348445,0.4918292040063258
0,Tjipanazole A1,0.016535646516671186,0.4917321767416644
1,Tolybyssidin B,1,1
1,Tolyporphin C,0.034379095043551994,0.517189547521776
1,Tolyporphin K,0.030473575840768704,0.5152367879203843
1,Tolyporphin E,0.032599003409388934,0.5162995017046945
1,Tolyporphin F,0.02878858298931022,0.5143942914946551
1,Tolyporphin B,0.034483644679702954,0.5172418223398515
1,Tolyporphin D,0.027681167683448315,0.5138405838417242
0,Tolyporphin I,0.02032854209445585,0.48983572895277205
0,Tolyporphin G,0.021099744245524295,0.48945012787723785
0,Tolyporphin H,0.0211042421658495,0.48944787891707525
0,Tolyporphin J,0.026716460787130136,0.4866417696064349
0,Tolybyssidin A,0.34143992294726705,0.32928003852636645
0,Tolypodiol,0.183585313174946,0.408207343412527
1,N-(2-aminoethyl)-glycine,0.10638297872340426,0.5531914893617021
0,Mycosporine-tau,1,0
1,35-O-beta-6 amino-6-deoxyglucopyranosyl-bacteriohopanetetrol,0.06166219839142091,0.5308310991957105
0,Bartoloside G,1,0
0,Bartoloside J,1,0
0,Bartoloside H,1,0
0,Bartoloside F,1,0
0,Bartoloside I,1,0
0,Bartoloside K,1,0
0,Bartoloside E,1,0
1,Nakienone C,0.13548387096774195,0.567741935483871
1,Nakienone B,0.16810344827586207,0.584051724137931
1,Nakienone A,0.1565217391304348,0.5782608695652174
1,Nakitriol,0.12653061224489795,0.563265306122449
1,Bacteriohopanetetrol,0.08199643493761141,0.5409982174688057
0,Synechobactin A,1,0
0,Synechobactin B,1,0
0,Synechobactin C,1,0
0,Synechoxanthin,1,0
0,Ankaraholide A,0.029522518451574033,0.485238740774213
0,Ankaraholide B,0.03112725116727192,0.48443637441636406
1,Tasiamid D,0.17529137529137528,0.5876456876456877
1,Tasiamid C,0.17529137529137528,0.5876456876456877
1,Tasiamid E,0.21076436001809137,0.6053821800090456
0,Tasipeptin A,0.8007226236798222,0.09963868816008892
1,Kimbelactone A,0.10588235294117647,0.5529411764705883
1,Caracolamide A,0.1206896551724138,0.5603448275862069
0,Santacruzamate A,0.11130434782608696,0.4443478260869565
1,Guineamide,0.11776859504132231,0.5588842975206612
0,Largazole,0.08500313087038197,0.457498434564809
0,Carmaphycin A,0.2267536704730832,0.38662316476345837
0,Carmaphycin B,0.2263843648208469,0.38680781758957655
1,Malevamide A,0.3016496465043205,0.6508248232521603
0,Malevamide B,0.20086216940463708,0.39956891529768146
0,Symplocamide A,0.587630864676231,0.20618456766188448
1,Symplostatin 2,0.5538630941457148,0.7769315470728574
1,Micromide,0.2269561655059402,0.6134780827529701
0,Hoiamide C,0.03692805649551273,0.4815359717522436
1,Hoiamide B,0.031353591160220996,0.5156767955801105
0,Veraguamide D,0.10817663215719417,0.4459116839214029
0,Malevamide C,0.16716673810544364,0.4164166309472782
0,Samoamide A,0.30618082328068646,0.3469095883596568
0,Veraguamide G,0.10733376095787898,0.44633311952106053
0,Veraguamide C,0.10735671514114628,0.44632164242942685
0,Veraguamide E,0.11465101655837351,0.44267449172081325
1,Tasiamid A,0.21076436001809137,0.6053821800090456
1,Malevamide D,0.10911701363962671,0.5545585068198133
1,Symplostatin 3,0.10380622837370242,0.5519031141868512
1,Symplostatin 1,0.09844559585492228,0.5492227979274611
0,Dolastatin 10,0.10062893081761007,0.449685534591195
0,Symplocin A,0.18974358974358974,0.40512820512820513
1,Belamide A,0.14800389483933787,0.5740019474196689
0,Tasipeptin B,0.6670372429127293,0.16648137854363537
0,Croissamide,0.3314793292379213,0.3342603353810394
0,Veraguamide B,0.10344827586206896,0.4482758620689655
1,Malevamide E,0.14726971869829011,0.573634859349145
0,Tasiamid B,0.18545887961859356,0.40727056019070323
1,Kimbeamide B,0.091324200913242,0.545662100456621
1,Kimbeamide C,0.091324200913242,0.545662100456621
1,Kimbeamide A,0.091324200913242,0.545662100456621
1,Janthielamide A,0.10948905109489052,0.5547445255474452
1,Dinghupeptin B,0.5353159851301115,0.7676579925650557
1,Dinghupeptin C,0.28354600402955005,0.641773002014775
1,Dinghupeptin D,0.2898085079038684,0.6449042539519342
1,Dinghupeptin A,0.554983922829582,0.777491961414791
0,Dendroamide B,0.1376071866067783,0.43119640669661086
0,Dendroamide C,0.1322637448640188,0.4338681275679906
0,Dendroamide A,0.1557303370786517,0.42213483146067415
0,Biopterin-a-glucoside,0.03762755102040816,0.4811862244897959
1,Spumigin N,0.36369119420989143,0.6818455971049457
1,Dihydrospumigin M,0.45468277945619334,0.7273413897280967
1,Dihydrospumigin K,0.45468277945619334,0.7273413897280967
1,Spumigin K,0.36369119420989143,0.6818455971049457
1,Spumigin M,0.36369119420989143,0.6818455971049457
1,Dihydrospumigin N,0.45468277945619334,0.7273413897280967
1,Dihydrospumigin L,0.45468277945619334,0.7273413897280967
1,Spumigin L,0.36369119420989143,0.6818455971049457
1,Namalide B,0.9310344827586207,0.9655172413793103
1,Namalide C,0.9303135888501742,0.9651567944250872
0,Sphaerocyclamide,1,0
0,Merosterolic acid A,1,0
0,Merosterolic acid B,1,0
0,Merosterol B,1,0
0,Merosterol A,1,0
0,Merosterol A-regioisomer,1,0
1,Hexose-palythine-serine,0.2539936102236422,0.6269968051118211
1,Hexose-shinorine,0.1853146853146853,0.5926573426573427
0,tetraacyl-sulfo-quinovopyranosyl glycerol,0.025199576801000288,0.48740021159949987
1,Scytocyclamide C,1,1
1,Scytocyclamide B,1,1
1,Scytocyclamide A,1,1
0,Scytophycin A,0.034216101694915256,0.48289194915254235
0,Scytophycin E,0.034476959300369994,0.482761520349815
0,Scytophycin C,0.03452922351355903,0.4827353882432205
0,Scytophycin D,0.034986666666666666,0.48250666666666664
0,Scytophycin B,0.03650559189702469,0.48174720405148763
0,19-O-deMe-scytophycin C,0.03454172366621067,0.48272913816689467
0,6-OH-scytophycin B,0.03702158723537387,0.4814892063823131
1,Palythine-serine,0.75,0.875
1,Mirabimide B,0.1272984441301273,0.5636492220650636
1,Mirabimide C,0.12889210716871832,0.5644460535843592
1,Mirabimide D,0.12008005336891261,0.5600400266844563
1,Mirabimide A,0.1272984441301273,0.5636492220650636
0,Scytonemide B,0.21304092422165655,0.3934795378891717
1,Scyptolin B,1,1
0,Didehydromirabazole A,0.03877423389618512,0.4806128830519074
0,Mirabazole B,0.03961038961038961,0.4801948051948052
0,Tantazole I,0.023180154534363562,0.48840992273281825
1,Scytodecamide,1,1
1,Scytonemide A,0.596822995461422,0.7984114977307111
1,Hofmannolin,1,1
0,Mirabazole C,0.035302593659942365,0.4823487031700288
1,Cyanobacterin,0.06868131868131869,0.5343406593406593
1,Hydroxycyanobacterin,0.1070840197693575,0.5535420098846787
0,Tolytoxin,0.03726963862864203,0.48136518068567896
0,6-OH-7-OMe-scytophycin E,0.03467479247662078,0.4826626037616896
0,7-Ac-scytophycin B,0.036717719849883354,0.4816411400750583
1,Mirabilene C isonitrile,0.11382113821138211,0.556910569105691
1,Scyptolin A,1,1
1,Scytonemin A,0.27310437970287477,0.6365521898514374
1,Mirabimide E,0.15914489311163896,0.5795724465558195
1,Mirabilene A isonitrile,0.11263736263736264,0.5563186813186813
1,Mirabilene F isonitrile,0.09975669099756691,0.5498783454987834
0,Scytoscalarol,0.09197080291970802,0.454014598540146
1,Mirabilene E isonitrile,0.13119533527696792,0.565597667638484
1,Mirabilene B isonitrile,0.11382113821138211,0.556910569105691
1,Mirabilene D isonitrile,0.11382113821138211,0.556910569105691
1,Tutuilamide B,0.5926290894757588,0.7963145447378794
1,Tutuilamide A,0.5806513779148198,0.79032568895741
1,Schizotrin A,0.2976456801960158,0.6488228400980078
1,Gallinamide A,0.09064327485380116,0.5453216374269005
1,Schizopeptin 791,0.9994226327944573,0.9997113163972287
0,Viequeamide A,0.13472819710598358,0.4326359014470082
0,Viequeamide B,0.12958211143695014,0.4352089442815249
1,4S-Hydroxyhomoanatoxin-a,0.18596491228070175,0.5929824561403508
1,4-Oxohomoanatoxin-a,0.15693430656934307,0.5784671532846716
1,4R-Hydroxyhomoanatoxin-a,0.18596491228070175,0.5929824561403508
0,Micropeptin K139,0.769589345172031,0.11520532741398448
1,Puna’auic acid,0.08360128617363344,0.5418006430868167
1,Radiosumin,0.6605351170568562,0.830267558528428
0,[D-Asp3]MC-HilR,0.9632911392405064,0.018354430379746822
0,"[D-Asp3,Mser7]MC-LR",0.8853841349156777,0.057307932542161155
0,[D-Asp3]MC-RCit,0.8164719293245939,0.09176403533770305
0,[D-Asp3]MC-ER,0.9020871700429711,0.04895641497851444
0,[D-Asp3]MC-EE,0.7608247422680412,0.1195876288659794
0,Anabaenopeptin SA2,0.7593648208469055,0.12031758957654726
0,Anabaenopeptin SA13,0.9317697228144989,0.03411513859275056
0,"[D-Asp3,(E)-Dhb7]MC-HtyHty",0.6245932124593212,0.1877033937703394
0,"[D-Asp3,(E)-Dhb7]MC-HtyY",0.5963992707383774,0.2018003646308113
0,"[D-Asp3,Mdha-GSH7]MC-RR",0.49544977248862443,0.2522751137556878
0,"[D-Asp3,D-MeO-Glu6]MC-HtyR",0.7689492943021432,0.1155253528489284
0,[D-Asp3]MC-RW,0.5058915946582875,0.24705420267085626
0,"[D-Asp3,DMAdda5]MC-HtyR",0.7715832205683356,0.11420838971583219
0,"[D-Asp3,Mser7]MC-HtyR",0.7354236848924592,0.13228815755377038
1,Anabaenopeptin SA3,0.8755690440060698,0.937784522003035
0,"[D-Asp3,Thr7]MC-RR",0.7735334242837654,0.11323328785811732
0,[D-Asp3]MC-HphR,0.8185865331107401,0.09070673344462993
1,Autumnalamide,1,1
1,Phycocyanobilin,0.02398966599003506,0.5119948329950176
0,"[D-Leu1,D-Asp3]MC-RR",0.8142303433001108,0.0928848283499446
0,[D-Leu1]MC-RR,0.8128800442233278,0.09355997788833609
0,MC-HphHph,0.6490215755143001,0.17548921224284997
1,Hierridin B,0.3432343234323432,0.6716171617161716
0,Phormidolide,0.033244021038007346,0.4833779894809963
1,Caylobolide B,0.05676442762535478,0.5283822138126774
1,Brunsvicamide A,0.4583608724388632,0.7291804362194316
1,Brunsvicamide B,0.46325671738426677,0.7316283586921334
1,Brunsvicamide C,0.4814305364511692,0.7407152682255846
0,Samholide F,0.029782903663500677,0.48510854816824966
0,Samholide D,0.029456079554015368,0.4852719602229923
0,Samholide B,0.029780883250797096,0.48510955837460146
0,Samholide G,0.029782903663500677,0.48510854816824966
0,Samholide E,0.029782903663500677,0.48510854816824966
0,Samholide H,0.029456079554015368,0.4852719602229923
1,Phormidinine B,0.1192214111922141,0.559610705596107
1,Phormidinine A,0.08888888888888889,0.5444444444444444
0,Samholide I,0.02629987908101572,0.48685006045949214
0,Samholide A,0.029780883250797096,0.48510955837460146
0,Samholide C,0.029456079554015368,0.4852719602229923
0,MC-LHph,0.7339579784213515,0.13302101078932427
0,MC-HphHty,0.6322091886608016,0.18389540566959922
0,MC-LHty,0.7136940916620652,0.1431529541689674
1,Phycoerythrobilin,0.028409090909090908,0.5142045454545454
0,Deoxypalytoxin,0.036196080608449456,0.48190195969577526
0,Palytoxin,0.03614857395533937,0.48192571302233034
0,Neopalytoxin,0.035765303423099304,0.4821173482884503
0,Homopalytoxin,0.03615719561263297,0.4819214021936835
0,Bishomopalytoxin,0.03606575402715927,0.48196712298642036
0,(42S-50S)42-hydroxypalytoxin,0.036073458679492784,0.48196327066025363
0,(42S-50R)42-hydroxypalytoxin,0.036073458679492784,0.48196327066025363
0,Ovatoxin-a,0.03635352973874375,0.48182323513062814
0,Ostreocin-D,0.03625562156459941,0.4818721892177003
1,Palythine–threonine,0.6926406926406926,0.8463203463203464
0,Anabaenopeptin G-Erhard,0.7432012432012433,0.12839937839937837
0,Anabaenopeptin H-Itou,0.7917993630573248,0.1041003184713376
0,Anabaenopeptin G-Itou,0.9788293897882939,0.010585305105853038
1,Aeruginosin A,0.38961038961038963,0.6948051948051948
1,Portoamide B,0.25457495718020373,0.6272874785901019
1,Portoamide A,0.24709378550825978,0.6235468927541299
1,Microviridin K,0.8524483876471591,0.9262241938235796
1,Hassallidin E,1,1
0,Aghardipeptin A,1,0
0,Aeruginosin 205A,0.3345029239766082,0.3327485380116959
0,Aeruginosin 205B,0.3345029239766082,0.3327485380116959
0,"[D-Asp3,(Z)-Dhb7]MC-HtyR",0.7977498691784406,0.1011250654107797
0,"[D-Asp3,(E)-Dhb7]MC-HphR",0.8222761596548004,0.0888619201725998
0,"[D-Asp3,(E)-Dhb7]MC-YR",0.7708929966154647,0.11455350169226763
0,"[D-Asp³,(E)-Dhb7]MC-HilR",1,0
0,"[D-Asp3,(E)-Dhb7]MC-HtyW",0.4740177439797212,0.2629911280101394
0,"[D-Asp3,ADMAdda5]MC-HtyR",0.7551334702258727,0.12243326488706363
0,"[D-Asp³,Mser7]MC-RR",0.7945627802690582,0.10271860986547088
1,oscillacyclamide B,1,1
0,cis-Dihydrohomoanatoxin-a,0.15359477124183007,0.42320261437908496
0,Aghardipeptin B,1,0
1,Oscillacyclamide A,1,1
0,Planktopeptin BL1061,0.8282208588957055,0.08588957055214724
1,Portoamide D,0.32322998611753817,0.6616149930587691
1,Portoamide C,0.3127236135957066,0.6563618067978533
0,Planktopeptin BL1125,0.9632483698873741,0.018375815056312972
0,Planktopeptin BL843,0.6753479125248509,0.16232604373757453
0,Aeruginosin 828A,0.18269800513529527,0.40865099743235234
1,Largamide G,0.6267157683294275,0.8133578841647138
1,Largamide E,0.7482014388489209,0.8741007194244604
0,Largamide F,0.5487824544428318,0.2256087727785841
1,Largamide D,0.6449793155321549,0.8224896577660774
0,Veraguamide L,0.11101321585903083,0.4444933920704846
1,(2S)-1-O-Palmitoyl-3-O-beta-D-galactopyranosylglycerol,0.08125,0.540625
1,Propenediester,0.10817941952506596,0.554089709762533
0,Oscillaginin B,1,0
1,Trichormamide C,0.929510155316607,0.9647550776583035
1,Trichormamide D,0.7331189710610932,0.8665594855305466
1,Largamide H,0.3209302325581395,0.6604651162790698
1,ethyl tumonoate A,0.17974683544303796,0.589873417721519
0,Veraguamide J,0.1061295213341997,0.44693523933290014
0,Veraguamide I,0.10773184836153352,0.44613407581923326
1,Acutiphycin,0.047665369649805445,0.52383268482490275
1,Sanctolide A,0.08681672025723473,0.5434083601286174
1,"(2S)-3-O-beta-D-galactopyranosyl-1-O-(9Z,12Z-octadecadienoyl)-2-O-(4Z-hexadecenoyl)glycerol",0.042293233082706765,0.5211466165413534
1,Hoshinolactam,0.1589041095890411,0.5794520547945206
1,Homoanatoxin-a,0.16412213740458015,0.58206106870229
0,Veraguamide K,0.10899653979238755,0.4455017301038062
1,Myxol (II),0.063655030800821355,0.5318275154004106
0,Raocyclamide A,0.6714787358564183,0.16426063207179087
0,Raocyclamide B,0.6541353383458647,0.17293233082706766
0,Anabaenopeptin 908,1,0
0,Anabaenopeptin 915,1,0
0,Veraguamide A,0.10497699707235467,0.4475115014638227
0,Prenylagaramide B,0.3446211026223415,0.3276894486888292
0,Oscillacyclin,0.4259012016021362,0.2870493991989319
1,Brintonamide A,0.2524271844660194,0.6262135922330097
0,Viridamide B,0.15973377703826955,0.42013311148086524
0,Viridamide A,0.1553398058252427,0.4223300970873787
0,Oscillapeptin A,1,0
0,Oscillapeptin J,0.5774466519499633,0.21127667402501837
0,Oscillapeptin F,0.7505020080321285,0.12474899598393574
0,Oscillapeptin E,0.9330855018587361,0.03345724907063197
0,Oscillapeptin B,1,0
0,Oscillapeptin D,0.6175216613945812,0.1912391693027094
0,Oscillapeptin C,0.6027940943006826,0.19860295284965868
0,Oscillapeptin G,1,0
0,Oscillamide C,0.7818791946308725,0.10906040268456374
0,Oscillapeptide 97A,0.615396901453442,0.19230154927327903
0,Oscillapeptide 97B,0.6346565639927524,0.1826717180036238
0,Microviridin D,1,0
0,Microviridin E,1,0
0,Microviridin F,1,0
1,Microviridin I,0.5897006192126342,0.7948503096063171
1,"2,3-Epoxyanatoxin-a",0.1993006993006993,0.5996503496503497
0,Oscillatorin,0.2648041299726693,0.36759793501366533
0,Planktocyclin,0.3722604884157796,0.3138697557921102
1,Brintonamide B,0.26021505376344084,0.6301075268817204
0,Oscillaginin A,1,0
1,Brintonamide C,0.16459232918465838,0.5822961645923292
0,Brintonamide E,0.17157252718111907,0.4142137364094405
0,Brintonamide D,0.17157252718111907,0.4142137364094405
0,[seco7][D-Asp3]MC-RR,0.44694435998783827,0.2765278200060809
0,Oscillaginin C,1,0
0,Venturamide B,0.14606741573033707,0.42696629213483145
0,Viridisamide A,1,0
1,Coibacin A,0.08882521489971347,0.5444126074498568
0,Oscillamide B,0.8860485268630849,0.05697573656845756
0,Anabaenopeptin E,1,0
0,Anabaenopeptin F,1,0
0,Cyanopeptolin 960,1,0
0,Cyanopeptolin 880,1,0
1,"19,21-Dibromooscillatoxin A",0.07833120476798637,0.5391656023839931
1,21-Bromooscillatoxin A,0.08273381294964029,0.5413669064748201
0,Venturamide A,0.15007828226347572,0.4249608588682621
0,Veraguamide H,0.10575259515570934,0.44712370242214533
0,Oscillapeptilide 97A,0.615396901453442,0.19230154927327903
0,Oscillapeptilide 97B,0.6346565639927524,0.1826717180036238
1,19-Bromoaplysiatoxin,0.07705192629815745,0.5385259631490787
0,"[D-Asp3,(E)-Dhb7]MC-RR",0.8660232756173716,0.06698836219131421
0,[D-Asp3]MC-RR,0.8601112086625695,0.06994439566871524
0,"[D-Asp³,DMAdda5]MC-RR",0.8354356116163097,0.08228219419184513
0,"[D-Asp3,(E)-Dhb7]MC-HtyR",0.7977498691784406,0.1011250654107797
0,"[D-Asp3,(Z)-Dhb7]MC-LR",0.9660963244613435,0.016951837769328237
0,"[D-Asp3,(E)-Dhb7]MC-LR",0.9660963244613435,0.016951837769328237
0,"[Asp3,Dhb7]MC-LY",0.6981585268214572,0.1509207365892714
0,"[D-Asp3,(E)-Dhb7]MC-LW",0.5467084639498433,0.22664576802507835
0,Oscillamide Y,1,0
0,Largamide C,0.21351202496787222,0.3932439875160639
0,Largamide B,0.22795341098169716,0.3860232945091514
0,Largamide A,0.23387954884017875,0.3830602255799106
1,"20,21-didehydroacutiphycin",0.04575786463298379,0.5228789323164919
0,Prenylagaramide A,0.4501378676470588,0.27493106617647056
1,Coibacin C,0.11042944785276074,0.5552147239263804
1,1-(2-Hydroxy-phenoxy)-trieicos-1-en-3-one,0.06696428571428571,0.5334821428571429
1,Oscillariolide,0.0298580518844836,0.5149290259422418
0,Almiramide E,0.2197452229299363,0.3901273885350318
0,Almiramide H,0.2197452229299363,0.3901273885350318
0,Almiramide G,0.216,0.392
0,Almiramide F,0.24884080370942813,0.37557959814528596
0,Almiramide D,0.2197452229299363,0.3901273885350318
0,MC-LHar,0.7553130384836301,0.12234348075818496
1,Nuiapolide,0.05847953216374269,0.5292397660818713
1,Bastimolide A,0.059230009871668314,0.5296150049358341
1,Jahanane,0.30604093859211184,0.653020469296056
0,Biseokeaniamide C,0.2687224669603524,0.3656387665198238
0,Biseokeaniamide B,0.2687224669603524,0.3656387665198238
0,Biseokeaniamide A,0.2687224669603524,0.3656387665198238
1,Urumamide,0.17043478260869566,0.5852173913043478
1,Ypaoamide B,0.13270142180094788,0.566350710900474
1,Ypaoamide C,0.13801452784503632,0.5690072639225181
1,Janadolide,0.12859097127222982,0.5642954856361149
0,6-deoxytolypodiol,0.19151943462897528,0.4042402826855124
0,11-hydroxytolypodiol,0.17346938775510204,0.413265306122449
0,"[D-Leu1,Dha7]MC-LR",0.9068763490595128,0.04656182547024362
1,Mycosporine-ornithine,0.47635135135135137,0.7381756756756757
1,Porphyra-334,0.45454545454545453,0.7272727272727273
1,Nocuolin,1,1
1,Microviridin N9,1,1
1,Microviridin N8,1,1
1,Microviridin N7,1,1
1,Microviridin N6,1,1
1,Microviridin N5,1,1
1,Microviridin N4,1,1
1,Microviridin N3,1,1
1,Nostocyclopeptide Ncp-E1-L,0.3461296412838263,0.6730648206419132
1,Nostocyclopeptide Ncp-E2-L,0.31344942571322715,0.6567247128566136
1,Nostocyclopeptide Ncp-E1,0.9993397160779135,0.9996698580389567
1,Anabaenopeptin SA9,1,1
1,Anabaenopeptin SA12,1,1
1,Anabaenopeptin SA11,1,1
1,Anabaenopeptin SA10,1,1
1,Anabaenopeptin SA1,0.49982007916516735,0.7499100395825837
1,Anabaenopeptin SA8,0.5314105096799684,0.7657052548399842
1,Anabaenopeptin SA7,0.5768272425249169,0.7884136212624584
1,Nostamide A,0.9404869251577999,0.9702434625788999
1,Nostocyclopeptide Ncp-E2,0.9459152798789713,0.9729576399394857
1,Nostocyclopeptide Ncp-E3,0.9118759455370651,0.9559379727685325
1,Nostopeptolide 1052,1,1
1,1050-Da MAA,0.032045137081975296,0.5160225685409876
1,nostoc-756,0.06455026455026455,0.5322751322751322
1,Nostosin A,0.4575757575757576,0.7287878787878788
1,Nostosin B,0.498220640569395,0.7491103202846975
1,Hexose-bound porphyra-334,0.15873015873015872,0.5793650793650793
1,Nostosin E,0.5045372050816697,0.7522686025408348
1,Nostosin C,0.5308411214953271,0.7654205607476636
1,Nostosin F,0.49264705882352944,0.7463235294117647
1,Nostosin D,0.5387523629489603,0.7693761814744802
1,Hexose-bound palythine-treonine,0.21447721179624665,0.6072386058981233
1,Nostocyclin,0.5696926375982845,0.7848463187991422
0,Nostoginin BN578,0.3568075117370892,0.3215962441314554
0,Cryptophycin 25,0.06818181818181818,0.46590909090909094
0,Banyascyclamide A,0.6446446446446447,0.17767767767767767
0,Banyascyclamide C,0.25875,0.370625
0,Banyascyclamide B,0.30553918680023573,0.34723040659988214
1,Mycosporine-GABA,0.5366795366795367,0.7683397683397684
0,Cryptophycin 101,0.05650684931506849,0.4717465753424658
0,Cryptophycin 15,0.06900212314225053,0.46549893842887474
0,Aeruginosin 865,0.24215021351419241,0.3789248932429038
1,Nostophycin C,0.2736764705882353,0.6368382352941176
1,Nostamide B,1,1
1,Nostamide E,1,1
1,Nostamide D,1,1
1,Nostamide C,1,1
1,Anabaenopeptin 871,0.9603916332888296,0.9801958166444148
1,Anabaenopeptin 857,0.9876430205949657,0.9938215102974828
1,Nostocyclopeptide,0.41790562378797674,0.7089528118939884
0,Cyanopeptolin CP1048,0.4601366742596811,0.26993166287015946
0,Cyanopeptolin CP1018,0.6541367951947297,0.17293160240263517
0,Cyanopeptolin CP990,0.6895424836601307,0.15522875816993464
0,Cyanopeptolin CP1027,0.5847246891651865,0.20763765541740675
0,Cyanopeptolin CP1013,0.8058714078974571,0.09706429605127143
0,Anabaenopeptin 897,0.8146534653465346,0.0926732673267327
0,Anabaenopeptin 882,0.7878207583301418,0.10608962083492912
1,Pseudospumigin D,1,1
0,deprenylmuscoride B,0.04520884520884521,0.4773955773955774
0,Cryptophycin 12,0.10382059800664452,0.4480897009966777
1,Anabaenopeptin SA4,0.5396270396270396,0.7698135198135199
1,Anabaenopeptin SA5,0.5749574105621805,0.7874787052810903
1,Anabaenopeptin SA6,0.878234398782344,0.939117199391172
1,Pseudospumigin A,1,1
0,"[Gly1,D-Asp3,ADMAdda5]MC-RR",0.8059950041631974,0.09700249791840132
0,"[Gly1,D-Asp3,ADMAdda5]MC-RHar",0.6512207274539114,0.17438963627304432
0,"[D-Ser1,ADMAdda5]MC-LR",0.9425393883225208,0.02873030583873959
0,[ADMAdda5]MC-FR,0.7501315097317202,0.12493424513413992
0,[ADMAdda5]MC-LHar,0.7191687175280285,0.14041564123598577
0,"[ADMAdda5,Mser7]MC-LR",0.8382613837965701,0.08086930810171494
0,"[D-Asp³,ADMAdda5]MC-(H4)YR",0.6773475745438362,0.1613262127280819
0,[DMAdda5]MC-(H4)YR,0.6916588566073102,0.1541705716963449
0,[ADMAdda5]MC-(H4)YR,0.6764444444444444,0.1617777777777778
0,[ADMAdda5]MC-(H4)YHar,0.5539991879821357,0.22300040600893217
1,Pseudospumigin E,1,1
1,Pseudospumigin F,1,1
1,Pseudospumigin B,1,1
1,Pseudospumigin C,1,1
1,Namalide D,1,1
1,Namalide F,1,1
1,Namalide E,1,1
1,Nostophycin,0.27443933294997125,0.6372196664749856
1,Nostopeptin BN920,0.6637947539728125,0.8318973769864062
0,Muscoride B,0.038350910834132314,0.48082454458293383
1,Nostophycin B,0.27130764740221835,0.6356538237011091
1,Nostoweipeptin W6,0.15256985353726424,0.5762849267686321
1,Nostoweipeptin W7,0.1498816144485436,0.5749408072242718
0,6-OH-scytophycin D/E,0.035503581963758954,0.48224820901812054
1,Glycosylated Palythine-threonine,0.08398950131233596,0.541994750656168
0,Nostoginin BN741,0.29782082324455206,0.35108958837772397
1,Pentose-bound shinorine,0.1948529411764706,0.5974264705882353
1,Palythine,0.28975265017667845,0.6448763250883393
1,478-Da MAA,0.1693121693121693,0.5846560846560847
1,13-O-(beta-galactosyl)-porphyra-334,0.16260162601626016,0.5813008130081301
1,beta-N-methylamino-L-alanine,0.11764705882352941,0.5588235294117647
1,Nostofungicine,0.38278388278388276,0.6913919413919414
1,Banyaside B,0.04311422823900397,0.521557114119502
1,Banyaside A,0.04623274366080447,0.5231163718304023
1,Cyanopeptolin CP1020,0.10909361512129781,0.5545468075606489
0,Cyanopeptolin CP990,0.13060479666319083,0.4346976016684046
1,Carbamidocyclophane D,0.5911392405063292,0.7955696202531646
1,Carbamidocyclophane E,0.6387726638772664,0.8193863319386332
1,Carbamidocyclophane C,0.5903919089759798,0.7951959544879899
1,Nostocyclyne A,0.16767676767676767,0.5838383838383838
1,Merocyclophane B,0.1534181240063593,0.5767090620031796
1,Merocyclophane C,0.5143338954468802,0.7571669477234402
1,Merocyclophane A,0.5473098330241187,0.7736549165120594
1,Cylindrocyclophane C1,0.5784313725490197,0.7892156862745099
1,Cylindrocyclophane C2,0.5774877650897227,0.7887438825448614
1,Ribocyclophane C,0.27902621722846443,0.6395131086142323
1,Carbamidocyclophane M,0.5732165206508135,0.7866082603254068
1,Carbamidocyclophane R,0.5761421319796954,0.7880710659898478
1,Carbamidocyclophane O,0.5725,0.78625
1,Carbamidocyclophane S,0.5754119138149556,0.7877059569074778
1,Ribocyclophane D,0.2966589861751152,0.6483294930875576
1,Ribocyclophane A,0.23799582463465555,0.6189979123173278
1,Cylindrocyclophane A1,0.5781758957654723,0.7890879478827362
1,Ribocyclophane B,0.2769607843137255,0.6384803921568627
1,Cylindrocyclophane A2,0.5772357723577236,0.7886178861788617
1,Nostocyclophane D,0.6077519379844961,0.8038759689922481
0,Nostocyclophane A,0.20872865275142316,0.3956356736242884
0,Nostocyclophane B,0.2934202726733847,0.3532898636633076
1,Nostocyclophane C,0.6086956521739131,0.8043478260869565
1,Ribocyclophane E,0.47942754919499103,0.7397137745974955
0,Cyanopeptolin CP962,0.6479423868312757,0.17602880658436215
0,Cyanopeptolin CP969,0.7847177505902554,0.1076411247048723
0,Cyanopeptolin CP985,0.7613494377342774,0.11932528113286128
1,Nostopeptolide A1,0.9676337658550809,0.9838168829275404
1,Nostopeptolide A3,0.9676337658550809,0.9838168829275404
0,Cyanopeptolin 992,0.7328098471986417,0.13359507640067914
1,Cyanopeptolin CP992,0.10881945513313837,0.5544097275665691
0,Cyanopeptolin CP978,0.12444444444444444,0.43777777777777777
1,Cyanopeptolin CP999,0.11448409494590667,0.5572420474729534
0,Cryptophycin 50,0.05650684931506849,0.4717465753424658
0,Cryptophycin 49,0.07539450613676213,0.46230274693161894
1,Nostocyclin,0.548951048951049,0.7744755244755245
0,Cryptophycin 46,0.07539450613676213,0.46230274693161894
1,Banyasin A,0.12894346813466018,0.5644717340673301
1,4-hydroxy-7-methyl-1-indanone,0.17928286852589642,0.5896414342629482
1,"4,5-dihydroxy-1-methyl-anthraquinone",0.08355795148247978,0.5417789757412399
0,Muscoride A,0.06498444521258209,0.46750777739370897
0,Cryptophycin 54,0.05650684931506849,0.4717465753424658
0,Cryptophycin 18,0.07539450613676213,0.46230274693161894
1,Nostocyclopeptide A2,1,1
1,Nostocyclopeptide A3,1,1
1,Nostocyclopeptide A1,1,1
1,Microviridin G,1,1
1,Microviridin H,1,1
0,Cryptophycin 21,0.05657951135876554,0.47171024432061726
1,Nostoclide 2,0.09074733096085409,0.5453736654804271
1,Nostoclide 1,0.09042553191489362,0.5452127659574468
0,deprenylmuscoride A,0.07815275310834814,0.46092362344582594
0,"[D-Asp3,ADMAdda5,(E/Z)-Dhb7]MC-RR",0.8212651413189771,0.08936742934051145
0,"[D-Asp3,ADMAdda5,(E/Z)-Dhb7]MC-HtyR",0.7592131474103586,0.1203934262948207
0,"[D-Asp3,ADMAdda5,(E/Z)-Dhb7]MC-LR",0.9150660264105642,0.04246698679471789
0,"[D-Asp3,ADMAdda5,Dha7]MC-LR",0.9118833385044989,0.04405833074775056
0,"[D-Asp3,ADMAdda5,Dha7]MC-HilR",0.9135654261704682,0.043217286914765896
0,"[D-Asp³,ADMAdda5]MC-VR",0.8848898541731306,0.0575550729134347
0,[ADMAdda5]MC-YR,0.726624203821656,0.13668789808917198
0,"[ADMAdda5,Dha7]MC-LR",0.9101889129761536,0.04490554351192322
0,[ADMAdda5]MC-HilR,0.9108318372232196,0.044584081388390207
0,"[D-Asp3,ADMAdda5]MC-LHar",0.720350588879759,0.1398247055601205
0,[ADMAdda5]MC-HilHar,0.7257978723404256,0.1371010638297872
0,7-OMe-scytophycin B,0.03676700343714196,0.481616498281429
0,6-OH-7-Ome-15-O-deMe-scytophycin B,0.03712562396006656,0.4814371880199667
0,7-OMe-19-deMe-scytophycin D/E,0.034841725090291056,0.4825791374548545
1,Nostotrebin 6,0.10028653295128939,0.5501432664756447
1,Nostocarboline,0.022408963585434174,0.511204481792717
1,Carbamidocyclophane B,0.5896464646464646,0.7948232323232323
1,Carbamidocyclophane A,0.5896464646464646,0.7948232323232323
1,Cylindrocyclophane C3,0.5746753246753247,0.7873376623376623
1,Cylindrocyclophane C4,0.5746753246753247,0.7873376623376623
1,Carbamidocyclophane N,0.5725,0.78625
1,Carbamidocyclophane P,0.5717852684144819,0.785892634207241
1,Carbamidocyclophane Q,0.5717852684144819,0.785892634207241
1,Carbamidocyclophane G,0.6461159062885327,0.8230579531442663
1,Carbamidocyclophane F,0.5883100381194409,0.7941550190597204
1,Cylindrocyclophane A3,0.5762987012987013,0.7881493506493507
1,Cylindrocyclophane A4,0.5762987012987013,0.7881493506493507
1,Carbamidocyclophane T,0.5703517587939698,0.785175879396985
1,Carbamidocyclophane U,0.5703517587939698,0.785175879396985
1,Cylindrocyclophane B4,0.5536,0.7767999999999999
1,Cylindrocyclophane F4,0.5083612040133779,0.754180602006689
0,Tenuecyclamide C,0.13951077943615256,0.43024461028192373
0,Tenuecyclamide D,0.13406156901688182,0.4329692154915591
0,Nostocyclamide M,0.13951077943615256,0.43024461028192373
0,Nostocyclamide,0.1522381276982504,0.4238809361508748
0,Tenuecyclamide A,0.14547989774575878,0.4272600511271206
1,Cryptophycin 7,0.10424710424710425,0.5521235521235521
0,Cryptophycin 6,0.100080064051241,0.4499599679743795
0,"[D-Asp3,ADMAdda5]MC-LR",0.7778750729713952,0.11106246351430238
0,[ADMAdda5]MC-LR,0.7765151515151515,0.11174242424242425
0,Cryptophycin 5,0.08749145591250855,0.45625427204374575
0,Cryptophycin 29,0.07552693208430913,0.4622365339578454
1,Cybastacine A,0.03735632183908046,0.5186781609195402
1,Cryptophycin 26,0.10557860765329645,0.5527893038266483
1,Cryptophycin 30,0.10132743362831859,0.5506637168141593
0,Cryptophycin 327,0.05650684931506849,0.4717465753424658
0,Cryptophycin 40,0.05650684931506849,0.4717465753424658
0,Cryptophycin 28,0.07539450613676213,0.46230274693161894
0,Cryptophycin 38,0.05650684931506849,0.4717465753424658
0,Cryptophycin 2,0.0599354541263255,0.47003227293683725
0,Cryptophycin 16,0.058666666666666666,0.4706666666666667
0,Cryptophycin 31,0.05645851154833191,0.47177074422583404
0,Cryptophycin 23,0.0586145648312611,0.4706927175843694
0,Cryptophycin 4,0.08080808080808081,0.4595959595959596
0,Cryptophycin 43,0.08421052631578947,0.45789473684210524
0,Cryptophycin 17,0.07841945288753799,0.46079027355623103
0,Cryptophycin 175,0.07530647985989491,0.46234676007005254
0,Cryptophycin 45,0.07832422586520947,0.46083788706739526
0,Cryptophycin 19,0.07720364741641338,0.4613981762917933
0,Cryptophycin 1,0.05650684931506849,0.4717465753424658
0,Cryptophycin 3,0.07539450613676213,0.46230274693161894
1,Merocyclophane D,0.5134680134680135,0.7567340067340067
0,Noscomin,0.22780748663101605,0.386096256684492
0,Comnostin E,0.44194107452339687,0.27902946273830154
0,Comnostin A,0.41522491349480967,0.2923875432525952
0,Comnostin B,0.41767764298093585,0.29116117850953205
0,Comnostin D,0.35756676557863504,0.3212166172106825
0,Comnostin C,0.3602391629297459,0.31988041853512705
0,"8-[(5-carboxy-2,9-epoxy)benzyl]-2,5-dihydroxy-1,1,4a,7,8-pentamethyl-1,2,3,4,4a,6,7,8,9,10,10a-dodecahydrophenanthrene",0.13231794383626844,0.43384102808186575
1,Nosperin,0.12039660056657224,0.5601983002832861
0,Tenuecyclamide B,0.14547989774575878,0.4272600511271206
1,Nostopeptin A,1,1
1,Nostopeptin B,1,1
1,Nostoweipeptin W3,0.1566674087266251,0.5783337043633126
1,Nostoweipeptin W2,0.1555187637969095,0.5777593818984548
1,Nostoweipeptin W5,0.15256985353726424,0.5762849267686321
1,Nostoweipeptin W4,0.15256985353726424,0.5762849267686321
1,Nostoweipeptin W1,0.15256985353726424,0.5762849267686321
0,Cryptophycin 10,0.12768130745658834,0.43615934627170583
0,"[D-Asp³,DMAdda5]MC-LR",0.9322422258592471,0.03387888707037645
0,[DMAdda5]MC-FR,0.7662229617304492,0.11688851913477538
0,[DMAdda5]MC-HilR,0.9320909665192673,0.03395451674036637
0,[Mdhb7]MC-LR,0.9630448515476943,0.01847757422615287
0,[DMAdda5]MC-LHar,0.7313776243888409,0.13431118780557955
1,Cryptophycin G,0.11187607573149742,0.5559380378657487
0,Swinholide A,0.029272619751626257,0.4853636901241869
0,Cryptophycin 24,0.06001846722068329,0.46999076638965837
0,Cryptophycin 176,0.05874499332443257,0.4706275033377837
0,Cryptophycin 326,0.05653104925053533,0.47173447537473234
1,Glucosylsucrose derivative 4,0.021793821670957173,0.5108969108354786
1,Glucosylsucrose derivative 3,0.0176522506619594,0.5088261253309797
0,Glucosylsucrose derivative 2,0.018808777429467086,0.49059561128526646
1,Glucosylsucrose,0.031133250311332503,0.5155666251556662
1,Nostopeptolide L4,0.3008832926141703,0.6504416463070851
1,Nostopeptolide L2,0.30082675685832394,0.6504133784291619
1,Nostopeptolide L3,0.2954064254809905,0.6477032127404952
1,Nostopeptolide L1,0.2953520478601012,0.6476760239300506
0,Borophycin,0.024590734935562523,0.48770463253221874
1,Spumigin 640,0.515230635335074,0.757615317667537
1,Spumigin 638,0.5789473684210527,0.7894736842105263
1,Spumigin 652,0.5789473684210527,0.7894736842105263
1,Spumigin 654,0.5514261019878998,0.7757130509939498
1,Spumigin 574,0.45664739884393063,0.7283236994219653
1,Spumigin I,0.5053333333333333,0.7526666666666666
1,Spumigin 582b,0.639549436795995,0.8197747183979975
1,Spumigin 582a,0.4473049074818986,0.7236524537409493
1,Spumigin C,0.6360917248255235,0.8180458624127618
1,Spumigin B1,0.6360917248255235,0.8180458624127618
1,Spumigin B2,0.6360917248255235,0.8180458624127618
1,Spumigin D,0.6049528301886793,0.8024764150943396
1,Spumigin H,0.6663031624863686,0.8331515812431842
1,Spumigin F,0.6694648478488983,0.8347324239244491
1,Oscillatoxin,0.6131805157593123,0.8065902578796562
1,Aeruginosin NOL7,0.3779783393501805,0.6889891696750903
1,Aeruginosin NOL2,0.9111747851002865,0.9555873925501432
1,Nodulapeptin 881a,1,1
1,[MeHph5] Nodulapeptin B,1,1
1,Nodulapeptin 863,0.9530537830446673,0.9765268915223336
1,Nodulapeptin 883b,0.7327553712777988,0.8663776856388994
1,Nodulapeptin 849,0.9247948951686418,0.9623974475843209
1,Nodulapeptin 839,1,1
1,Nodulapeptin 855b,0.9527595884003742,0.9763797942001871
1,Nodulapeptin 821,0.8689100954294324,0.9344550477147162
1,Nodulapeptin 807,0.8940568475452196,0.9470284237726099
1,Nodulapeptin 883a,1,1
0,Nodulapeptin 885,0.7900659681800544,0.10496701590997282
1,Nodulapeptin 851,0.9290989660265879,0.9645494830132939
1,Nodulapeptin C,1,1
1,Nodulapeptin 879,1,1
0,Nodulapeptin 915b,0.7673338098641888,0.11633309506790562
1,Nodulapeptin 855a,1,1
1,[Ser6] Nodulapeptin B,1,1
1,Nodulapeptin 823,0.8972468043264503,0.9486234021632252
1,[Met6] Nodulapeptin C,1,1
1,Nodulapeptin 915a,0.9524229074889868,0.9762114537444935
1,Nodulapeptin 881b,1,1
1,Anabaenopeptin 931,0.9168787107718406,0.9584393553859203
0,Anabaenopeptin 933,0.8179458657767891,0.09102706711160546
1,Anabaenopeptin 807,0.9495337356006582,0.9747668678003292
1,Aeruginosin NOL4,0.920844327176781,0.9604221635883905
1,Aeruginosin NAL3,0.9212880143112702,0.960644007155635
1,Aeruginosin NOL6,0.4061287820015516,0.7030643910007758
1,Aeruginosin NAL4,0.4021866458414682,0.7010933229207341
1,Aeruginosin NOL5,0.43643184660275114,0.7182159233013756
1,Pseudoaeruginosin NS1,0.5731370745170193,0.7865685372585096
1,Aeruginosin NOL3,1,1
1,Aeruginosin NAL2,1,1
1,Suomilide,0.04863910036323829,0.5243195501816191
1,Aeruginosin NAL1,0.9116504854368932,0.9558252427184466
1,Nodulapeptin B,0.9565217391304348,0.9782608695652174
1,Nodulapeptin A,0.9561332250203087,0.9780666125101544
1,Aeruginosin NOL1,0.8376313276026743,0.9188156638013372
1,Nodulapeptin 899,0.7671798723244461,0.883589936162223
0,Nodulapeptin 901,0.8287485470747772,0.0856257264626114
0,Nodulapeptin 917,0.7948717948717948,0.10256410256410259
1,Spumigin G,1,1
1,Spumigin E,1,1
1,Spumigin A,0.6049528301886793,0.8024764150943396
1,Pseudoaeruginosin NS2,0.6131805157593123,0.8065902578796562
1,L-Phe-D-MeAsp(beta)-L-Arg-Adda-D-Glu(gamma)-Mdha-D-Ala-OH,0.2436817472698908,0.6218408736349454
1,L-Leu-D-MeAsp(beta)-L-Arg-Adda-D-Glu(gamma)-Mdha-D-Ala-OH,0.26340640809443505,0.6317032040472175
1,[DMAdda3]NOD-R,0.7137710168134508,0.8568855084067254
1,NOD-Har,1,1
1,[6(Z)-Adda3]NOD-R,0.7795698924731183,0.8897849462365591
1,[Glu4(OMe)]NOD-R,0.7503980891719745,0.8751990445859872
1,[dhb5]NOD-R,0.7775020678246485,0.8887510339123242
1,[D-Asp1]NOD-R,0.7775020678246485,0.8887510339123242
1,Nodularin-R,0.7795698924731183,0.8897849462365591
1,Linear Nodularin-R,0.40889649272882805,0.704448246364414
0,Cyanopeptolin 1054 MB2,0.630374607861229,0.1848126960693855
1,Cyanopeptolin 1006D,0.6823072852354912,0.8411536426177456
1,Micropeptin KT554,0.587378640776699,0.7936893203883495
0,Aeruginosin KB676,0.5386836027713626,0.2306581986143187
0,Aeruginosin LH650,0.5233009708737864,0.23834951456310682
1,Aeruginosin DA495A,0.3602941176470588,0.6801470588235294
0,Aeruginosin TR642,0.250500200080032,0.374749899959984
0,Aeruginosin 670,0.5727948990435706,0.2136025504782147
0,Aeruginosin DA688,0.9086057371581054,0.04569713142094728
1,11beta-hydroxy-N21-sulfocarbamoylsaxitoxin,0.046532045654082525,0.5232660228270413
1,11-11-dihydroxy-N21-sulfocarbamoylsaxitoxin,0.0590823381521056,0.5295411690760528
0,Microginin 757,0.33559322033898303,0.33220338983050846
0,Microginin 767,0.25605282465150403,0.371973587674248
0,Microginin FR8,0.20768662232076865,0.3961566888396157
0,Microginin 757B,0.2489451476793249,0.3755274261603375
1,Microginin 764,0.13988095238095238,0.5699404761904762
0,Microginin FR6,0.2029090909090909,0.39854545454545454
1,Microginin FR9,0.14428242517267845,0.5721412125863392
0,Microginin FR5,0.21108580106302202,0.394457099468489
1,Microginin FR10,0.1437031188314252,0.5718515594157126
1,Nodularin-R-Cys,0.5183388905729008,0.7591694452864504
0,Decarbamoylneosaxitoxin,0.09580838323353294,0.45209580838323354
0,Cyanopeptolin 1001,0.6129421915444349,0.19352890422778257
0,Cyanopeptolin 1025,0.6756709349236976,0.16216453253815122
0,Cyanopeptolin 1011,0.6875,0.15625
0,Cyanopeptolin 997 A,0.7103321033210332,0.14483394833948338
0,Cyanopeptolin 997 C,0.6682176091624911,0.16589119541875447
1,Cyanopeptolin 1032,0.7019002375296912,0.8509501187648456
0,Cyanopeptolin 1017,0.7020966271649954,0.14895168641750228
0,Cyanopeptolin 1003,0.6814611872146119,0.15926940639269405
0,Cyanopeptolin 997 B,0.7016584654638236,0.1491707672680882
0,Cyanopeptolin 983,0.6810297608179661,0.15948511959101697
1,Gadusol,0.38461538461538464,0.6923076923076923
0,Cyanopeptolin 1054 MB1,0.5959809624537282,0.2020095187731359
0,Cryptophycin 63,0.06988964792433,0.46505517603783497
0,[epoxyAdda5]MC-LR,0.3936149117588737,0.3031925441205632
0,[seco-1/2]MC-HilR,0.5025740025740025,0.24871299871299873
0,Aeruginosin 848,0.23250448602922327,0.3837477569853884
0,Aeruginosin 736,0.33565702335308467,0.33217148832345766
0,Aeruginosin 850,0.2564511838254855,0.37177440808725726
0,Aeruginosin 822,0.271472824556463,0.3642635877217685
0,Aeruginosin 752,0.3252279635258359,0.33738601823708203
0,Aeruginosin 892,0.225519981304043,0.38724000934797853
0,Aeruginosin 878B,0.2334705739888593,0.38326471300557036
0,Aeruginosin 836,0.25617858091947915,0.3719107095402604
0,Aeruginosin 766,0.30561726436052045,0.3471913678197398
0,Aeruginosin 878A,0.24215021351419241,0.3789248932429038
0,Cyanopeptolin 959,0.5788746298124383,0.21056268509378084
0,Cyanopeptolin 1014,0.6522704339051463,0.17386478304742686
1,Cyanopeptolin 1034,0.6512880956389965,0.8256440478194982
0,Cyanopeptolin 1000A,0.7556255625562557,0.12218721872187216
0,Cyanopeptolin 920,0.655040504050405,0.17247974797479748
0,Cyanopeptolin 1063,0.7335899513776337,0.13320502431118314
0,Cryptophycin 107,0.05650684931506849,0.4717465753424658
0,"[Gly1,D-Asp3,(E/Z)-Dhb7]MC-LHar",0.7608634707036726,0.11956826464816372
0,Cyanopeptolin 986,0.6863452962412402,0.1568273518793799
0,[Dhb7]MC-YR,0.7696906680530283,0.11515466597348584
0,[Dha7]MC-RY,0.6414342629482072,0.17928286852589642
1,Microginin 715,0.20209668025626093,0.6010483401281305
1,Microginin 715,0.20209668025626093,0.6010483401281305
1,Wainunuamide,0.24170846141401067,0.6208542307070053
1,Cl-Cyanopeptolin W,0.5827396373056994,0.7913698186528497
0,Cyanopeptolin 1009,0.5467706013363028,0.22661469933184858
0,Bistratamide K,0.682167487684729,0.1589162561576355
0,Bistratamide N,0.16197666437886069,0.41901166781056964
0,Microphycin KB921,0.3975561238988349,0.30122193805058256
1,Microviridin M,0.8024551996613518,0.9012275998306759
0,"[D-Leu1,Ser7]MC-HtyR",0.6994831405365494,0.15025842973172532
0,[Ser7]MC-YR,0.7085802628188611,0.14570986859056945
0,Bistratamide M,0.16197666437886069,0.41901166781056964
0,"[D-Leu1,Mdha-GluCys7]MC-LR",0.5516972298088177,0.22415138509559113
0,[Mdha-NAcCys7]MC-RR,0.58642871965138,0.20678564017431
0,"[D-Leu1,Mdha-Cys7]MC-LR",0.6613657623947614,0.1693171188026193
0,[Mdha-Cys7]MC-RR,0.6309444072337576,0.18452779638312122
0,[Mdha-Cys7]MC-YR,0.5705955851728447,0.21470220741357765
0,[Mdha-Cys7]MC-LR,0.6955451636721635,0.15222741816391827
0,"[D-Leu1,Mdha-GSH7]MC-LR",0.515946783305996,0.24202660834700201
0,[Mdha-GSH7]MC-RR,0.49493006993006994,0.25253496503496503
0,[Mdha-GSH7]MC-YR,0.45328491251238034,0.27335754374380983
0,[Mdha-GSH7]MC-LR,0.539032749428789,0.2304836252856055
0,"[D-Leu1,Mdha-GluCys(O)7]MC-LR",0.5384468976018272,0.2307765511990864
0,"[D-Leu1,Mdha-Cys(O)7]MC-LR",0.6423705722070845,0.17881471389645776
0,"[D-Leu1,Mdha-GS(O)H7]MC-LR",0.5044531528322052,0.24777342358389742
0,Microginin 711,0.2865928659286593,0.35670356703567035
0,"[D-Asp3,D-MeO-Glu6]MC-RR",0.8318709312199264,0.0840645343900368
0,[(6Z)-Adda5]MC-RR,0.8586035641250365,0.07069821793748177
0,MC-MhtyR,0.7910728690508201,0.10446356547458996
0,[D-Asp3]MC-RHar,0.6928104575163399,0.15359477124183007
0,MC-HarHar,0.691839837810441,0.1540800810947795
0,"[D-Asp³,ADMAdda5]MC-RR",0.8152565880721221,0.09237170596393895
0,[ADMAdda5]MC-RR,0.8139019662143451,0.09304901689282746
0,[ADMAdda5]MC-RHar,0.6588761810044754,0.1705619094977623
0,[D-Ser1]MC-LA,0.8301208755308722,0.08493956223456389
0,"[D-Leu1,Adda(OH)5]MC-LR",0.8776484631453297,0.06117576842733513
0,"[D-Leu1,Adda(O)5]MC-LR",0.877910447761194,0.06104477611940301
0,"[D-Leu1,dmAdda5]MC-LR (isomer 1)",0.9057591623036649,0.047120418848167533
0,"[D-Leu1,D-Asp³]MC-HphR",0.7757575757575758,0.11212121212121212
0,[D-Leu1]MC-MR,0.817348983681649,0.0913255081591755
0,[D-Leu1]MC-M(O2)R,0.7893281725186618,0.10533591374066908
0,[D-Leu1]MC-HtyR,0.7519795657726692,0.12401021711366539
0,[D-Leu1]MC-FR,0.748557944415312,0.125721027792344
0,[D-Leu1]MC-LHar,0.7168527089572556,0.1415736455213722
0,"[D-Leu1,D-Asp³,ADMAdda5]MC-LR",0.8596901490792166,0.0701549254603917
0,"[D-Leu1,ADMAdda5]MC-LR",0.858185001459002,0.070907499270499
0,"[D-Leu1,ADMAdda5]MC-LHar",0.6828319502074689,0.15858402489626555
0,[D-Hil1]MC-LR,0.8755582018457875,0.06222089907710626
0,[D-MeO-Glu6]MC-FR,0.7642015005359056,0.11789924973204718
0,[dm(1)Adda5]MC-LR,0.9601437438745508,0.019928128062724593
0,[dm(1)Adda5]MC-(H4)YR (isomer 1),0.7098880597014925,0.14505597014925375
0,MC-M(O)R,0.8336743642209881,0.08316281788950597
0,MC-WR,0.583947583947584,0.20802620802620803
0,[Me-Ala1]MC-LR,0.9614655716993051,0.019267214150347434
0,MC-RF,0.6589920695830136,0.1705039652084932
0,MC-RY,0.6407960199004975,0.17960199004975125
0,MC-RY(OMe),0.581941309255079,0.20902934537246048
0,MC-LNfk,0.6202015355086372,0.1898992322456814
0,"[D-Asp³,ADMAdda5]MC-HphR",0.777895293495505,0.1110523532522475
0,[seco-1/2]MC-FR,0.45763221153846156,0.2711838942307692
0,[NMe-Ser7]MC-RY,0.5964912280701754,0.2017543859649123
0,[NMe-Ser7]MC-LA,0.7363636363636363,0.13181818181818183
1,Nodulapeptin 865,0.9708295350957156,0.9854147675478577
1,Nodulapeptin 867,0.9778434268833087,0.9889217134416544
1,Nodulapeptin 883c,0.9310829817158931,0.9655414908579465
1,(-)Psymbamide A,0.42362344582593253,0.7118117229129662
0,Anabaenopeptin 906B1,0.7688906752411575,0.11555466237942125
1,Anabaenopeptin B1,0.7777777777777778,0.8888888888888888
0,"[D-Asp³,Dhb7]MC-RY",0.6491525423728813,0.17542372881355933
0,"[D-Asp3,ADMAdda5,Thr7]MC-LR",0.8172383972326319,0.09138080138368404
0,MC-(H4)YR,0.7098880597014925,0.14505597014925375
1,"2,3-Epoxyhomoanatoxin-a",0.1893687707641196,0.5946843853820598
0,trans-Dihydrohomoanatoxin-a,0.15359477124183007,0.42320261437908496
0,Cyanopeptolin 911,0.6455014583800763,0.17724927080996183
0,Cryptophycin 65,0.08686730506155951,0.45656634746922026
0,Aeruginosin KT608A,0.394413407821229,0.3027932960893855
0,Seco[D-Asp3]microcystin-RR,0.44694435998783827,0.2765278200060809
0,Anabaenopeptin KB906,0.7696606786427146,0.1151696606786427
0,Anabaenopeptin KB899,0.9707379134860051,0.014631043256997434
1,Anabaenopeptin KT864,0.7779775280898876,0.8889887640449439
0,Dysinosin B,0.11725562184488297,0.4413721890775585
0,Aeruginosin DA642B,0.6556042579837195,0.17219787100814027
1,Micropeptin T1,0.5963651159636512,0.7981825579818256
1,Micropeptin T20-PO3,0.5887769284225156,0.7943884642112577
1,Micropeptin T20,0.6390409665848593,0.8195204832924297
0,Aeruginosin DA642A,0.6556042579837195,0.17219787100814027
0,[dm(1)Adda5]MC-(H4)YR (isomer 2),0.7150446751992272,0.1424776624003864
0,Cryptophycin 66,0.10472972972972973,0.44763513513513514
0,Microginin FR4,0.20985915492957746,0.3950704225352113
0,Microginin FR3,0.21822189566495223,0.3908890521675239
0,Cryptophycin 14,0.1350164654226125,0.43249176728869376
1,Palythinol,0.5322033898305085,0.7661016949152543
0,Aeruginosin 794A,0.19785867237687366,0.4010706638115632
0,Dysinosin C,0.21887117621714777,0.3905644118914261
1,Dysinosin D,0.2249488752556237,0.6124744376278118
0,Dysinosin A,0.2280477408354646,0.3859761295822677
0,Aeruginosin 748A,0.2203554906257609,0.38982225468711956
0,12alpha-Deoxydecarbamoylsaxitoxin,0.08666666666666667,0.45666666666666667
0,Aeruginoside 126B,0.3415187004155648,0.32924064979221757
0,Microginin KR638,0.4728476821192053,0.2635761589403973
0,Microginin KR801,0.26359832635983266,0.36820083682008364
0,Microginin KR787,0.27292418772563176,0.3635379061371841
0,Microginin KR604,0.4631728045325779,0.26841359773371104
0,Microginin KR767,0.25605282465150403,0.371973587674248
0,Microginin KR835,0.2641114982578397,0.3679442508710802
1,Mycosporine-glycine-valine,0.452991452991453,0.7264957264957265
1,Mycosporine-glutamic acid-glycine,0.365296803652968,0.682648401826484
1,M5,0.07761194029850746,0.5388059701492537
0,Microginin T1,0.2225475841874085,0.38872620790629575
0,Microginin T2,0.2033898305084746,0.3983050847457627
0,Microginin 683,0.3690176322418136,0.3154911838790932
0,Microginin 717,0.36981132075471695,0.31509433962264155
0,Microginin 747B,0.3381858902575588,0.33090705487122063
0,Microginin 568,0.30567226890756305,0.3471638655462185
0,Microginin 598,0.312,0.344
0,Microginin 747A,0.2297872340425532,0.3851063829787234
0,Microginin 765,0.22311631309436722,0.3884418434528164
0,Microginin 761B,0.2260748959778086,0.3869625520110957
0,Microginin 761A,0.3318777292576419,0.33406113537117904
0,Microginin 791,0.346072186836518,0.326963906581741
0,Microginin 576,0.4981132075471698,0.2509433962264151
0,Microginin 725,0.36128236744759556,0.3193588162762022
1,Deoxygadusol,0.39267015706806285,0.6963350785340314
1,Prenostodione,0.06382978723404255,0.5319148936170213
1,beta-amino-N-methylalanine,0.11827956989247312,0.5591397849462365
1,Isodolastatin H,0.10183875530410184,0.5509193776520509
1,Palmyrolide A,0.1662269129287599,0.58311345646438
0,Aeruginosin IN608,0.7914831130690162,0.1042584434654919
0,Aeruginosin KY642,0.7903225806451613,0.10483870967741937
0,Aeruginosin GE642,0.7903225806451613,0.10483870967741937
0,Aeruginosin GE686,0.7290540540540541,0.13547297297297295
0,Aeruginosin GE766,0.9092122830440588,0.04539385847797062
0,Aeruginosin KY608,0.7278865631330182,0.13605671843349088
0,Aeruginosin DA722,0.998533724340176,7.331378299120228e-4
1,Trichophycin B,0.26695842450765866,0.6334792122538293
1,Trichotoxin A,0.16551724137931034,0.5827586206896551
1,Trichophycin E,0.09187279151943463,0.5459363957597173
1,Trichophycin D,0.1,0.55
1,Trichophycin C,0.3283018867924528,0.6641509433962264
0,Trichothiazole A,0.10951008645533142,0.4452449567723343
1,Trichophycin F,0.10806174957118353,0.5540308747855918
0,Lyngbyabellin M,0.07192429022082018,0.46403785488958993
0,Sulfoquinovosyldiacylglycerol,0.032777115613825986,0.483611442193087
1,Malyngamide P,0.14988814317673377,0.5749440715883669
1,Malyngamide O,0.12734864300626306,0.5636743215031316
0,Microginin 649,0.35436241610738256,0.3228187919463087
0,Microginin 739B,0.24767080745341616,0.3761645962732919
0,Microginin 606A,0.38995568685376664,0.3050221565731167
0,Microginin 729,0.3422897196261682,0.32885514018691586
0,Microginin 550,0.307103825136612,0.346448087431694
0,Microginin 534,0.2930648769574944,0.3534675615212528
0,Microginin 713B,0.22180451127819548,0.3890977443609023
0,Microginin 741B,0.2132564841498559,0.39337175792507206
0,Microginin 580,0.4323076923076923,0.28384615384615386
0,Microginin 620B,0.3815028901734104,0.30924855491329484
0,Microginin 578A,0.3960843373493976,0.3019578313253012
0,Microginin 743,0.33560864618885095,0.3321956769055745
0,Microginin 741A,0.31053811659192826,0.34473094170403584
0,Microginin 771,0.33559322033898303,0.33220338983050846
0,Microginin 590B,0.47941176470588237,0.2602941176470588
0,Microginin 620A,0.38995568685376664,0.3050221565731167
0,Microginin 606B,0.4015267175572519,0.29923664122137406
0,Microginin 755B,0.31053811659192826,0.34473094170403584
0,Microginin 741C,0.3209302325581395,0.3395348837209302
0,Microginin 578C,0.5033444816053512,0.24832775919732442
0,Microginin FR1,0.3209302325581395,0.3395348837209302
0,Cyanostatin B,0.26539923954372624,0.3673003802281369
0,Cyanostatin A,0.4444444444444444,0.2777777777777778
1,Trichormamide A,0.5355301914580265,0.7677650957290132
0,Cyanopeptolin 1007,0.6653527788726843,0.16732361056365785
0,Micropeptin SF995,0.6636219919199017,0.16818900404004916
0,Micropeptin T2,0.4966636336063088,0.2516681831968456
0,Cyanopeptolin 1041,0.6223531577978273,0.18882342110108635
0,Cyanopeptolin 972,0.9583967529173009,0.020801623541349568
0,Microginin SD755,0.28754365541327126,0.35622817229336434
0,Kempopeptin C,0.7512485136741974,0.12437574316290129
0,Aeruginosin 596A,0.2551186220344491,0.37244068898277544
0,Aeruginosin 596B,0.25497877897486126,0.3725106105125694
1,Somamide B,0.6363469312752664,0.8181734656376332
1,Chlorophyll a,0.056154875397223615,0.5280774376986118
0,Medusamide A,0.057057057057057055,0.47147147147147145
1,Kulokekahilide 1,0.09388947496551164,0.5469447374827558
1,Pembamide,0.30114942528735633,0.6505747126436782
0,Ferintoic acid B,0.6592230039767513,0.17038849801162437
1,(E)-Dehydroapratoxin A,0.06647496617050068,0.5332374830852503
0,Cryptophycin 9,0.06724845995893224,0.4663757700205339
0,Cryptophycin 77,0.05650684931506849,0.4717465753424658
0,Cryptophycin 39,0.05650684931506849,0.4717465753424658
0,Cryptophycin 8,0.06988964792433,0.46505517603783497
0,Cryptophycin 292,0.05650684931506849,0.4717465753424658
0,Cryptophycin 309,0.061694290976058934,0.46915285451197053
0,Cryptophycin 296,0.06988964792433,0.46505517603783497
0,Dysideaproline B,0.24289772727272727,0.37855113636363635
0,Aerucyclamide DSO2,0.9535905271199389,0.02320473644003057
0,Lyngbyabellin K,0.045926517571884984,0.4770367412140575
1,Microviridin N1,0.7375438908395928,0.8687719454197964
0,Bistratamide H,0.15489944373127942,0.4225502781343603
0,Bistratamide G,0.15486631016042782,0.4225668449197861
0,Aeruginopeptin 917SC,0.5893198817185598,0.20534005914072012
0,Patellamide D,0.20156479217603912,0.39921760391198047
0,Cyanopeptolin SS,0.6290763728171681,0.18546181359141595
0,Micropeptin SF909,0.5540983606557377,0.22295081967213115
0,Anabaenopeptin T,0.8670944087992667,0.06645279560036665
0,Grassystatin E,0.18874416318505777,0.40562791840747114
0,Grassystatin F,0.20448430493273542,0.3977578475336323
0,Grassystatin D,0.18874416318505777,0.40562791840747114
0,Aeruginopeptin 917SB,0.6399348003259984,0.18003259983700082
0,Microphycin AL828,0.42172424525365704,0.2891378773731715
0,Cyanopeptolin S,0.6881472957422324,0.15592635212888378
0,Anabaenopeptin MM913,0.9514119601328903,0.024294019933554845
1,Kulokekahilide 2,0.10221710336884537,0.5511085516844227
0,Georgamide,0.16235041971780675,0.41882479014109664
1,Symplostatin 4,0.09064327485380116,0.5453216374269005
0,Apratoxin S9,0.06628352490421456,0.46685823754789274
0,Apratoxin S4,0.06628352490421456,0.46685823754789274
0,Apratoxin S8,0.06628352490421456,0.46685823754789274
0,Apratoxin S7,0.0662997568155638,0.4668501215922181
1,Aurilide A,0.08572691117984976,0.5428634555899249
1,Nodularin-R-GSH,0.38754246885617216,0.6937712344280861
0,Dolastatin E,0.14936507936507937,0.4253174603174603
0,Barbaleucamide A,0.19162640901771336,0.40418679549114334
0,Dysideaproline F,0.24289772727272727,0.37855113636363635
0,Dysideaproline A,0.24289772727272727,0.37855113636363635
0,Aeruginoside 126A,0.2568104426787741,0.37159477866061297
0,Cryptophycin 53,0.05650684931506849,0.4717465753424658
0,Cryptophycin 52,0.05650684931506849,0.4717465753424658
0,Cryptophycin 51,0.07539450613676213,0.46230274693161894
0,Cryptophycin 55,0.06988964792433,0.46505517603783497
0,Dysideaproline E,0.252212389380531,0.3738938053097345
0,Dysideaproline D,0.24816446402349487,0.37591776798825255
0,"[D-Leu1,dmAdda5]MC-LR (isomer 2)",0.879740980573543,0.0601295097132285
0,Aeruginosin DA495B,0.39060205580029367,0.3046989720998532
0,[dm(2)Adda5]MC-LR,0.9313949689643907,0.034302515517804666
1,Makalika ester,0.1695906432748538,0.5847953216374269
1,Makalikone ester,0.15508021390374332,0.5775401069518716
0,Dysideaproline C,0.24289772727272727,0.37855113636363635
0,Micropeptin KT636,0.13603949533735601,0.431980252331322
0,Microguanidine AL772,0.1417437895762299,0.42912810521188505
0,23-Ac-tolytoxin A,0.03525773195876289,0.48237113402061854
0,Aeruginosin KT650,0.39887005649717516,0.3005649717514124
1,Aeruginosin GH553,0.31837016574585636,0.6591850828729282
0,"[Gly1,D-Asp3,ADMAdda5]MC-LR",0.9004651162790698,0.04976744186046511
0,"[Gly1,D-Asp3,ADMAdda5]MC-LHar",0.7122085048010974,0.14389574759945128
0,"[Gly1,D-Asp3,ADMAdda5,Dhb7]MC-RR",0.8120118502558578,0.09399407487207112
0,"[Gly1,D-Asp3,ADMAdda5,Dhb7]MC-RHar",0.6639145216124333,0.16804273919378337
0,"[Gly1,D-Asp3,ADMAdda5,(E/Z)-Dhb7]MC-LHar",0.7248931623931624,0.13755341880341881
0,"[Gly1,D-Asp³,ADMAdda5,Dhb7]MC-LR",0.9048048048048049,0.047597597597597574
0,trans-Dihydroanatoxin-a,0.14521452145214522,0.4273927392739274
0,Dolabellin,0.095,0.4525
0,Microcin SF608,0.4437460716530484,0.2781269641734758
0,Aeruginosin KT608B,0.4437460716530484,0.2781269641734758
1,Aeruginosin DA511,0.3872053872053872,0.6936026936026936
1,Pheophytin a,0.05615604942401371,0.5280780247120068
0,Bistratamide C,0.1650372439478585,0.41748137802607077
0,Anabaenopeptin MM850,0.9337899543378996,0.03310502283105021
0,Ferintoic acid A,0.6462626884035682,0.17686865579821592
1,Anabaenopeptin MM823,0.828992628992629,0.9144963144963145
0,Decarbamoyloxylgonyautoxin-2,0.06701940035273368,0.46649029982363316
0,Jizanpeptin D,0.6401965446187985,0.17990172769060075
0,Jizanpeptin C,0.623947911703986,0.188026044148007
0,Jizanpeptin B,0.623947911703986,0.188026044148007
0,Jizanpeptin A,0.6205994769664052,0.18970026151679742
0,Jizanpeptin E,0.611878191791186,0.19406090410440702
0,Hoiamide D,0.03772120459484632,0.48113939770257685
1,Nodularin-R-phenylglyoxal (IIb),0.45167557066537156,0.7258377853326858
1,Nodularin-R-phenylglyoxal (IIa),0.46505309953074836,0.7325265497653741
1,Nodularin-R-phenylglyoxal (IIc),0.5217632381480455,0.7608816190740227
0,Bistratamide J,0.3481238832638475,0.3259380583680762
0,Bistratamide I,0.8972267536704731,0.051386623164763445
0,Cryptophycin 13,0.09045936395759717,0.45477031802120144
1,Somamide A,0.5704800817160368,0.7852400408580185
0,Bistratamide B,0.16019709169570964,0.4199014541521452
0,Bistratamide A,0.11848760748609004,0.440756196256955
0,Bistratamide E,0.830046262478695,0.08497686876065252
0,Bistratamide D,0.8983930778739184,0.05080346106304079
0,Bistratamide F,0.32382785164450667,0.33808607417774666
0,Bistratamide L,0.682167487684729,0.1589162561576355
1,Largamide D oxazolidine,0.3757947818460864,0.6878973909230433
1,Trichotoxin B,0.07942238267148015,0.5397111913357401
1,Tricholactone,0.1461038961038961,0.573051948051948
1,"(2S,4S)-5,5-dichloroleucine",0.12435233160621761,0.5621761658031088
0,Microginin AL584,0.4298507462686567,0.28507462686567164
0,"[Gly1,D-Asp3]MC-RR",0.8498683055311677,0.07506584723441617
0,"[D-Asp3,Ser7]MC-RR",0.7956777996070727,0.10216110019646363
0,"[D-Asp³,Dhb7]MC-AhaR",0.9657282741738066,0.01713586291309671
0,[D-Asp3]MC-YR,0.7648163046393135,0.11759184768034325
0,"[Gly1,D-Asp3]MC-LR",0.9505728314238953,0.02471358428805237
0,"[D-Leu1,D-Asp3]MC-LR",0.9074359765504474,0.046282011724776306
0,"[D-Leu1,D-Asp³,DMAdda5]MC-LR",0.8804448563484708,0.0597775718257646
0,"[Asp³,DMAdda5,Dhb7]MC-LR",0.9366286438529785,0.03168567807351075
0,[DMAdda5]MC-RR,0.8339677891654466,0.08301610541727672
0,[D-Ser1]MC-LR,0.9967330937602091,0.0016334531198954338
0,[D-Aba1]MC-LR,0.9333333333333333,0.033333333333333326
0,"[D-Leu1,DMAdda5]MC-LR",0.8788159111933395,0.06059204440333027
0,[D-Glu(OCH2CH(CH3)OH)6]MC-LR,0.840675057208238,0.07966247139588101
0,MC-HilR,0.9614655716993051,0.019267214150347434
0,MC-AR,0.9055864096700424,0.047206795164978776
0,[NMe-Ser7]MC-(H4)YR,0.6770688858067498,0.16146555709662508
0,"[Gly1,D-Asp3]MC-RHar",0.6833986928104575,0.15830065359477125
0,"[Gly1,D-Asp3]MC-LHar",0.7476958525345622,0.12615207373271892
0,MC-AHar,0.7138736659936544,0.1430631670031728
0,[NMe-Ser7]MC-LR,0.7548500881834215,0.12257495590828926
0,"[Asp³,DMAdda5]MC-RY",0.6225,0.18874999999999997
0,MC-AW,0.5126306620209059,0.24368466898954705
0,[D-Asp3]MC-HarAba,0.7451257417349534,0.1274371291325233
0,MC-YAba,0.6604132680804785,0.16979336595976074
0,MC-RL,0.7796410709032068,0.11017946454839661
0,MC-LL,0.8438418817379941,0.07807905913100294
0,MC-(H4)Y(H4)Y,0.5362782330601639,0.23186088346991807
0,[DMAdda5]MC-LA,0.7696831100947403,0.11515844495262983
0,"[Gly1,D-Asp3,Dhb7]MC-RR",0.8558047118932728,0.07209764405336361
0,"[Gly1,D-Asp³,Dhb7]MC-Rhar",0.6965605095541402,0.1517197452229299
0,"[Gly1,D-Asp3,Dhb7]MC-LR",0.9546894803548795,0.022655259822560225
0,MC-RApa,0.7587628865979381,0.12061855670103094
1,[L-MeAbu]NOD-R,0.6520897832817337,0.8260448916408669
1,[D-MeAbu]NOD-R,0.6520897832817337,0.8260448916408669
1,Nodularin-V,0.8109090909090909,0.9054545454545455
1,Kulomo’opunalide 2,0.04460622104566512,0.5223031105228325
1,Kulomo’opunalide 1,0.04659868336130115,0.5232993416806506
0,Aeruginosin IN652,0.7165178571428571,0.14174107142857145
0,Aeruginosin GE730,0.7154531946508172,0.14227340267459138
0,Aeruginosin GE810,0.9002932551319648,0.04985337243401761
1,Cryptophycin 338,0.04656084656084656,0.5232804232804232
1,Oscillatoxin G,0.07245681381957773,0.5362284069097889
0,Kakeromamide A,0.16723068245910885,0.41638465877044556
1,Apratyramide,0.15793991416309014,0.5789699570815451
1,Columbamide D,0.12430939226519337,0.5621546961325967
1,Columbamide E,0.12396694214876033,0.5619834710743802
1,Oscillatoxin H,0.07427447122479094,0.5371372356123955
1,Oscillatoxin I,0.09475465313028765,0.5473773265651438
1,Mooreamide A,0.09523809523809523,0.5476190476190477
1,17-bromo-30-methyloscillatoxin D,0.06837606837606838,0.5341880341880342
1,Microseiramide,0.3722834645669291,0.6861417322834645
0,Microspinosamide,0.24720629676416286,0.3763968516179186
0,[seco-4/5]MC-LR,0.4555483452303699,0.27222582738481504
0,Micropeptin 973,0.6608510638297872,0.1695744680851064
0,MC-AhppaR,0.8029543656027434,0.09852281719862832
0,MC-AhppaAhppa,0.6211525109928258,0.18942374450358712
0,MC-HtyAhppa,0.6077049565421658,0.19614752172891708
1,Microviridin 1777,0.9033948104357676,0.9516974052178838
0,MC-KynA,0.6391213389121339,0.18043933054393307
1,Microviridin J,0.7783088001019562,0.8891544000509781
0,MC-FL,0.7001117942984908,0.1499441028507546
0,Aeruginosin 98B,1,0
0,Aeruginosin LH606,0.5869565217391305,0.20652173913043476
0,Aeruginosin 98C,0.9016152716593245,0.04919236417033773
0,Aeruginosin 298A,0.6539768864717879,0.17301155676410607
0,Aeruginosin 298B,0.3770358306188925,0.3114820846905537
0,Aeruginosin 602,0.7440061871616396,0.1279969064191802
1,Microviridin SD1634,0.5411473500291205,0.7705736750145602
0,Aeruginosin 98A,1,0
0,Piricyclamide ILGEGEGWNYNP+prenyl,0.39793937583992833,0.30103031208003583
1,Piricyclamide TLGCMNGTERCLGLP,0.13936145420647866,0.5696807271032394
0,Piricyclamide 7005E3-M(O),0.35147091351470916,0.3242645432426454
0,Piricyclamide 7005E3,0.3621436716077537,0.31892816419612313
0,Piricyclamide 7005E4,0.18287649486718172,0.40856175256640914
0,Piricyclamide SQWGWRGLSDP,0.4018055555555556,0.29909722222222224
0,Piricyclamide 7005E1,0.4627197863342978,0.2686401068328511
0,Piricyclamide 7005E1-M(O),0.4440887750746906,0.2779556124626547
0,Piricyclamide 7005E2,0.4669438111841223,0.26652809440793884
0,Microginin FR2,0.20985915492957746,0.3950704225352113
0,Micropeptin 88N,1,0
0,[seco-1/2]MC-LR,0.5119632907243526,0.24401835463782368
0,Cyanopeptolin 1068,0.630374607861229,0.1848126960693855
0,Microginin 769,0.4781144781144781,0.2609427609427609
0,Microginin 756,0.47123893805309736,0.2643805309734513
0,Aeruginosin K139,0.5665488810365136,0.2167255594817432
0,[Dha7]MC-WR,0.5844262295081967,0.20778688524590166
0,[Dha7]MC-YR,0.7644063253819351,0.11779683730903245
0,Microviridin SD1652,0.38668693669236615,0.3066565316538169
0,Micropeptin KT946,0.9734693877551021,0.013265306122448972
1,Micropeptin D,0.8197758496023138,0.9098879248011569
0,Micropeptin F,0.7925047639212365,0.10374761803938176
0,Microcyclamide 7806A,1,0
0,Microviridin SD1684,0.6608388356737654,0.16958058216311728
1,Piricyclamide TLGCM(O)NGTERCLGLP,0.13611553331817147,0.5680577666590857
0,MC-RR,0.8586035641250365,0.07069821793748177
0,"[D-Met1,D-Asp3]MC-LR",0.865979381443299,0.0670103092783505
0,"[D-Met(O)1,D-MeO-Glu6]MC-LR",0.8072487644151565,0.09637561779242176
0,[D-Met(O)1]MC-LR,0.8338060124787294,0.08309699376063528
0,[D-Phe1]MC-LR,0.7875703187784624,0.1062148406107688
0,"[D-Leu1,D-MeO-Glu6]MC-LR",0.8755582018457875,0.06222089907710626
0,"[Leu1,MeO-Glu6]MC-HilR",0.877521613832853,0.06123919308357351
0,[D-Leu1]MC-M(O)R,0.7895464601769911,0.10522676991150443
0,[D-Leu1]MC-HphR,0.7745330176269403,0.11273349118652987
0,[D-Leu1]MC-LR,0.9057591623036649,0.047120418848167533
0,[D-Leu1]MC-HilR,0.9073301549463647,0.046334922526817646
0,[D-Leu1]MC-LY,0.6560625814863102,0.17196870925684488
0,[D-MeO-Glu6]MC-YR,0.7402024396574098,0.12989878017129508
0,MC-(H2)YG,0.582404265632574,0.20879786718371302
0,MC-RM,0.7121924246613215,0.14390378766933926
0,[D-Asp3]MC-WR,0.5846658466584665,0.20766707667076673
0,[D-Asp³]MC-Y(OMe)R,0.6832774317201725,0.15836128413991374
0,[D-Asp3]MC-(H2)YR,0.6907894736842105,0.15460526315789475
0,MC-AnaR,0.8732071141709696,0.06339644291451518
0,MC-ER,0.9004289215686274,0.04978553921568629
0,MC-OiaR,0.5854726368159204,0.20726368159203978
0,MC-YR,0.7635876840696117,0.11820615796519413
0,MC-Y(OMe)R,0.6822966507177034,0.1588516746411483
0,MC-(H2)YR,0.689816987329892,0.15509150633505397
0,MC-NfkR,0.6814917766967802,0.1592541116516099
0,MC-KynR,0.7530074225748656,0.12349628871256718
0,[D-Asp3]MC-RE,0.7436256654525077,0.12818716727374613
0,[Asp3]MC-LE,0.8021739130434783,0.09891304347826085
0,MC-RE,0.7423776223776224,0.1288111888111888
0,MC-EE,0.7594825051455454,0.12025874742722731
0,MC-LE,0.8006819590824551,0.09965902045877245
0,[D-Asp3]MC-RY,0.6417538614848032,0.1791230692575984
0,[D-Asp³]MC-HilY,0.6958144494801386,0.1520927752599307
0,MC-YY,0.5770966975528629,0.21145165122356857
0,MC-LY(OMe),0.6248447204968944,0.18757763975155278
0,MC-NfkAba,0.5964454976303317,0.20177725118483414
0,MC-HilAba,0.8237523689197725,0.08812381554011373
0,MC-(H2)YA,0.5910079767947788,0.2044960116026106
0,MC-NfkA,0.5820433436532507,0.20897832817337464
0,MC-HilA,0.8003790271636134,0.09981048641819329
0,MC-WV,0.5114761002316277,0.24426194988418615
0,MC-FV,0.680582796301485,0.1597086018492575
0,[DMAdda5]MC-WR,0.5688696726374305,0.21556516368128475
0,[DMAdda5]MC-YR,0.7421434327155519,0.12892828364222403
0,[DMAdda5]MC-Y(OMe)R,0.6642633982215813,0.16786830088920934
0,[Mser7]MC-RR,0.7932288752098489,0.10338556239507557
0,"[D-Leu1,D-MeO-Glu6,NMe-Ser7]MC-LR",0.8095238095238095,0.09523809523809523
0,"[D-Leu1,NMe-Ser7]MC-LR",0.8364761343547437,0.08176193282262817
0,[NMe-Ser7]MC-YR,0.7076685537828101,0.14616572310859494
0,"[D-Asp³,NMe-Ser7]MC-YHar",0.5739272388059702,0.2130363805970149
0,"[D-Asp³,Mser7]MC-RY",0.597352587244284,0.20132370637785801
1,Anabaenopeptin 820,0.833498023715415,0.9167490118577075
0,Piricyclamide GTHLYTITP,0.3122706889523033,0.3438646555238484
0,Cyanopeptolin 1007 MB2,0.7411167512690355,0.12944162436548223
0,Micropeptin 88F,1,0
0,[D-Asp³]MC-YY,0.5779205329526529,0.21103973352367356
0,[D-Asp³]MC-(H4)YR,0.7108827650630547,0.14455861746847265
0,[Dha7]MC-(H4)YR,0.7105508870214753,0.14472455648926236
0,Balgacyclamide C,0.1761015257379153,0.41194923713104237
1,Microviridin A,0.6933010037216646,0.8466505018608323
0,Micropeptin 1120,0.8550164314711,0.07249178426445002
0,Micropeptin 1106,0.8770573071584374,0.06147134642078128
0,Micropeptin KB970C,0.7426745979290592,0.1286627010354704
0,Micropeptin KB984,0.7246563573883161,0.13767182130584193
0,Micropeptin KB1048,0.6671793885791194,0.1664103057104403
0,Micropeptin KB970A,0.7567870765088625,0.12160646174556877
0,Micropeptin KB970B,0.7433355364617757,0.12833223176911213
0,Micropeptin KB956,0.6791109192921881,0.16044454035390593
0,Micropeptin KB928,0.7297610763163999,0.13511946184180007
0,Micropeptin KB992,0.6418228279386712,0.1790885860306644
0,Micropeptin KB1046,0.6771300448430493,0.16143497757847536
0,Piricyclamide FAIFLLLP,0.37506987143655673,0.3124650642817216
0,Microginin 478,0.314709236031927,0.3426453819840365
1,Aeruginosin 102B,0.45194561650257853,0.7259728082512893
1,Aeruginosin 102A,0.45194561650257853,0.7259728082512893
0,Micropeptin HH992,0.34652425144458066,0.32673787427770967
0,Micropeptin HH960,0.29437374413931683,0.3528131279303416
0,Micropeptin HH978,0.6723252177797633,0.16383739111011836
0,Microginin GH787,0.27292418772563176,0.3635379061371841
0,MC-KynAba,0.6558103178738927,0.17209484106305367
0,Microginin 299D,0.35909090909090907,0.32045454545454544
0,Microginin 91B,0.4568106312292359,0.27159468438538203
0,Microginin 91E,0.2416052416052416,0.37919737919737917
0,Microginin 91D,0.2300469483568075,0.38497652582159625
0,Microginin 91C,0.21846661170651277,0.3907666941467436
0,Micropeptin LH911A,0.6635147601476015,0.16824261992619927
0,Microginin 645,0.3485915492957746,0.3257042253521127
0,Microginin 680,0.3493552168815944,0.32532239155920284
0,Aeruginosin 89B-SO3,0.5093720712277413,0.24531396438612935
0,Aeruginosin 89A-SO3,0.5093720712277413,0.24531396438612935
0,Aeruginosin 101,0.998533724340176,7.331378299120228e-4
1,Aeruginosin 103A,0.4269264836138175,0.7134632418069088
1,Microcarbonin A,0.20052083333333334,0.6002604166666666
0,Micropeptin LH1062,0.6396061675645551,0.18019691621772244
0,Microginin 713,0.3269689737470167,0.33651551312649164
0,Micropeptin LH1048,0.6583173996175908,0.17084130019120458
0,Microginin 527 methyl ester,0.2489905787348587,0.3755047106325706
0,Microginin 688,0.32716763005780347,0.33641618497109826
0,Microginin 674,0.36987951807228914,0.31506024096385543
0,Microginin 690,0.3512585812356979,0.32437070938215107
0,Microginin 511,0.27326440177252587,0.36336779911373707
0,Microginin 527,0.2609308885754584,0.3695345557122708
0,Microginin 704,0.31133113311331134,0.34433443344334436
0,Micropeptin SD-1002,0.6674449633088726,0.1662775183455637
0,Cyanopeptolin 963A,1,0
0,Micropeptin KR1030,0.6222439980401764,0.1888780009799118
0,Micropeptin SD979,0.9666666666666667,0.016666666666666663
0,Micropeptin SD944,0.957169459962756,0.02141527001862198
0,Micropeptin SD999,0.5903307888040712,0.2048346055979644
1,Micropeptin C,0.8623312416809279,0.931165620840464
0,Micropeptin E,0.8366115333035316,0.08169423334823422
0,Micropeptin B,0.8220318237454101,0.08898408812729497
0,Micropeptin MM978,0.6428571428571429,0.17857142857142855
0,Micropeptin LH920,0.6508277789722641,0.17458611051386796
1,Micropeptin LH1021,0.66773611389613,0.833868056948065
0,Cyanopeptolin A,1,0
0,Cyanopeptolin C,1,0
0,Cyanopeptolin B,1,0
0,Cyanopeptolin D,1,0
0,Microginin 612,0.3670076726342711,0.3164961636828645
0,Micropeptin KR 1002,0.6470688190314359,0.17646559048428206
1,Micropeptin KR998,0.8175418569254186,0.9087709284627092
0,Micropeptin 88D,1,0
0,Micropeptin 996,0.5821504958195606,0.2089247520902197
1,Cyanopeptolin 984,0.5866935483870968,0.7933467741935484
0,Microcyclamide A,0.10863350485991996,0.44568324757004
0,Microcyclamide MZ602,0.2174070061394005,0.3912964969302998
0,Microcyclamide GL614C,0.06794158553546592,0.46602920723226704
0,Microcyclamide GL614A,0.10204620462046204,0.448976897689769
0,Microcyclamide GL546B,0.14731369150779897,0.42634315424610053
1,Aeruginazole DA1274,0.2040503828105705,0.6020251914052852
1,Aeruginazole DA1304,0.206827505372143,0.6034137526860714
0,Microcyclamide MZ568,0.19517684887459807,0.40241157556270096
0,Microcyclamide GL616,0.21561604584527222,0.39219197707736386
0,Microcyclamide GL614B,0.10204620462046204,0.448976897689769
0,Microcyclamide GL582,0.10863350485991996,0.44568324757004
0,Microcyclamide GL546A,0.14731369150779897,0.42634315424610053
0,Aerucyclamide B,1,0
0,Aerucyclamide A,1,0
0,Micropeptin DR1060,0.6598319327731093,0.17008403361344537
0,Micropeptin LH925,0.6905146549734595,0.15474267251327023
0,Anabaenopeptin HU892,0.9692942254812099,0.015352887259395043
1,Aeruginazole DA1497,0.16810289389067523,0.5840514469453376
0,Aerucyclamide C,1,0
0,Microcyclamide 7806B,1,0
0,Balgacyclamide A,0.31378844204123013,0.34310577897938493
0,Balgacyclamide B,0.16660617059891106,0.4166969147005445
0,Micropeptin MZ939A,0.5833154621488312,0.20834226892558438
0,Micropeptin MZ925,0.6077817531305904,0.19610912343470482
0,Micropeptin MZ939B,0.6588805641251653,0.17055971793741737
0,Micropeptin MM916,0.6554884864744019,0.17225575676279903
0,Micropeptin MM932,0.638551604509974,0.18072419774501303
0,Micropeptin MZ859,0.6416430594900849,0.17917847025495753
0,Micropeptin MZ845,0.6694601922602909,0.16526990386985457
0,Microcystilide A,0.667233238904627,0.16638338054768648
0,Micropeptin MZ771,0.5913737222637746,0.2043131388681127
0,Ichthyopeptin A,0.66796875,0.166015625
0,Micropeptin LH911C,0.6905146549734595,0.15474267251327023
0,Micropeptin MM850,0.6086124401913876,0.1956937799043062
0,Micropeptin DR1056,0.6860194174757281,0.15699029126213593
0,Micropeptin 88Y,1,0
0,Micropeptin MM836,0.637114951164538,0.181442524417731
0,Micropeptin KT1042,0.7025253529528733,0.14873732352356334
0,Micropeptin DR1006,0.6083507306889353,0.19582463465553235
0,Micropeptin 88A,1,0
0,Microcyclamide GL628,0.06521162266153642,0.46739418866923177
0,Aeruginopeptin 228B,0.6588393156658839,0.17058034216705803
0,Aeruginopeptin 228A,0.6499429874572406,0.17502850627137972
0,Aeruginopeptin 95B,0.6095518685067453,0.19522406574662737
0,Aerugininopeptin 95A,0.5980836236933798,0.20095818815331012
0,Micropeptin HU1021,0.6128571428571429,0.19357142857142856
0,Micropeptin HU1069,0.5587579025660097,0.22062104871699517
0,Micropeptin HU989,0.591982091982092,0.20400895400895402
1,Micropeptin HA983,0.587778528021607,0.7938892640108035
0,Micropeptin GH979,0.7113142857142857,0.14434285714285716
0,Micropeptin HM978,0.6723252177797633,0.16383739111011836
0,Aeruginosamide,0.5606407322654462,0.2196796338672769
0,Microginin 91A,0.4559068219633943,0.2720465890183028
1,Microviridin L,0.5954555107241453,0.7977277553620726
1,Microviridin B,0.6960945920243454,0.8480472960121728
0,Microviridin C,0.6868943122431377,0.15655284387843116
1,Microviridin LH1667,0.4048634590377113,0.7024317295188557
0,Micropeptin EI964,0.7032685323648793,0.14836573381756035
0,Microginin 99A,0.37613751263902934,0.3119312436804853
0,Microginin 99B,0.37676767676767675,0.3116161616161616
0,Aeruginosin EI461,0.3770358306188925,0.3114820846905537
1,Radiosumin B,0.9250814332247557,0.9625407166123778
0,Micropeptin HU1041,0.5567109570575776,0.22164452147121122
0,Micropeptin HU909,0.5708536327049354,0.2145731836475323
0,Micropeptin HU895A,0.594743816254417,0.20262809187279152
0,Kasumigamide,1,0
0,Aeruginosamide B,1,0
0,Aeruginosamide C,1,0
1,Microguanidine DA368,0.1624203821656051,0.5812101910828026
0,Cyanopeptolin 1020,0.6940133037694013,0.15299334811529935
0,Micropeptin TR1058,0.5691469372416385,0.21542653137918077
0,[DMAdda5]MC-LR,0.7904907975460123,0.10475460122699387
1,Cyanopeptolin 954,0.6300972883460981,0.8150486441730491
0,Micropeptin 90,0.5602612309519097,0.21986938452404514
0,Micropeptin 88B,1,0
0,Micropeptin 88C,1,0
0,Micropeptin 88E,1,0
0,Micropeptin LH911B,0.6672047970479705,0.16639760147601473
0,Micropeptin HU975,0.6280577043696425,0.18597114781517876
0,Micropeptin HU895B,0.607359105728924,0.19632044713553798
0,Kawaguchipeptin A,1,0
0,Micropeptin A,0.7758780036968577,0.11206099815157117
1,Micropeptin 103,0.455743340017187,0.7278716700085935
0,Aerucyclamide D,1,0
0,Microcystbiopterin C,0.036668738346799255,0.48166563082660035
0,Kawaguchipeptin B,1,0
0,Aeruginoguanidin 98A,1,0
0,Micropeptin 478B,0.5758098524055971,0.21209507379720144
0,Micropeptin 478A,0.6280577043696425,0.18597114781517876
0,[(6Z)-Adda5]MC-LR,0.9601437438745508,0.019928128062724593
0,MC-YM,0.6221823770491803,0.18890881147540983
0,MC-LM,0.7692072237526782,0.11539638812366088
0,MC-YM(O),0.6052303860523038,0.19738480697384808
0,"[D-Asp3,Dha7]MC-RR",0.8611192499267507,0.06944037503662465
0,[D-Asp3]MC-FR,0.7900277008310249,0.10498614958448754
0,"[D-Ser1,D-Asp3,Dha7]MC-LR",1,0
0,"[D-Asp3,Dha7]MC-LR",0.9632907243526713,0.018354637823664366
0,[Dha7]MC-RR,0.8596080725358292,0.07019596373208542
0,[Dha7]MC-FR,0.7895902547065338,0.10520487264673312
0,MC-FR,0.7887168141592921,0.10564159292035397
0,[D-Val1]MC-LR,0.9333333333333333,0.033333333333333326
0,[D-Met1]MC-LR,0.8644516318729786,0.06777418406351071
0,MC-LR,0.9601437438745508,0.019928128062724593
0,[Dha7]MC-HilR,0.9626818469323213,0.01865907653383936
0,MC-VR,0.9317216595883698,0.034139170205815084
0,[NMe-Ala7]MC-LR,0.9104381443298969,0.044780927835051554
0,[Dha7]MC-LR,0.8179864947820749,0.09100675260896257
0,[D-Asp³]MC-RF,0.6600051242633871,0.16999743786830646
0,[D-Asp3]MC-LF,0.7112935182564393,0.14435324087178036
0,MC-LF,0.7100875953659226,0.1449562023170387
0,MC-VF,0.6874468688013602,0.1562765655993199
0,"[D-Asp³,Dha7]MC-RY",0.6423940149625935,0.17880299251870324
0,"[D-Asp3,Dha7]MC-LY",0.6919052863436124,0.15404735682819382
0,[D-Asp3]MC-LY,0.6911441144114412,0.1544279427942794
0,"[D-Asp³,Mser7]MC-LY",0.6413043478260869,0.17934782608695654
0,MC-LY,0.6900054914881933,0.15499725425590333
0,[D-Asp3]MC-LW,0.5401977644024075,0.22990111779879624
0,MC-LW,0.5395019321597252,0.2302490339201374
0,[D-Asp³]MC-RAba,0.7601062260253763,0.11994688698731187
0,"[D-Asp3,D-MeO-Glu6]MC-LAba",0.7970187123374564,0.10149064383127182
0,MC-RAba,0.7587628865979381,0.12061855670103094
0,MC-FAba,0.680582796301485,0.1597086018492575
0,MC-OiaAba,0.520090200902009,0.23995489954899551
0,MC-WAba,0.5114761002316277,0.24426194988418615
0,MC-LAba,0.8209735380594577,0.08951323097027114
0,[D-Asp3]MC-LL,0.8454991816693944,0.07725040916530279
0,MC-YL,0.6790458118731364,0.1604770940634318
0,MC-WL,0.5241682360326428,0.23791588198367858
0,"[D-Asp³,Dha7]MC-YA",0.6452407002188184,0.1773796498905908
0,[D-Asp³]MC-WA,0.5009556169038012,0.2495221915480994
0,[D-Asp3]MC-LA,0.7990180032733224,0.1004909983633388
0,MC-RA,0.7372456502506636,0.1313771748746682
0,MC-FA,0.6628266366957011,0.16858668165214946
0,MC-YA,0.6434806328423349,0.17825968357883254
0,MC-OiaA,0.5082576383154418,0.2458711808422791
0,MC-WA,0.5003181336161188,0.24984093319194062
0,MC-LA,0.7974518131329631,0.10127409343351845
0,Microcystbiopterin A,0.032435404068169325,0.4837822979659153
0,Microcystbiopterin D,0.03392754456584244,0.48303622771707877
0,Microcystbiopterin E,0.03558504221954162,0.4822074788902292
0,Microcystbiopterin B,0.03573591762568141,0.4821320411871593
0,Adda-D-Glu(gamma)-Mdha-D-Ala-L-Leu-D-MeAsp(beta)-L-Arg-OH,0.19096564782255884,0.40451717608872056
1,Not named CyanoMetDB_0534,0.5068770226537217,0.7534385113268609
0,Not named CyanoMetDB_0535,0.4008810572687225,0.29955947136563876
0,Aeruginoguanidin 98C,1,0
0,Aeruginoguanidin 98B,0.8869448183041723,0.05652759084791387
1,Acetamino-hexachloropentadecadiyne,0.09375,0.546875
0,Acetamino-tridecane,0.13513513513513514,0.43243243243243246
1,Acetamino-trichlorodecane,0.125,0.5625
1,1-ethenoxy-2-methylbenzene,0.09302325581395349,0.5465116279069767
1,"20-Nor-3alpha-acetoxy-abieta-5,7,9,11,13-pentaene",0.12035010940919037,0.5601750547045952
1,"20-Nor-3alpha-acetoxy-12-hydroxy-abieta-5,7,9,11,13-pentaene",0.12403100775193798,0.562015503875969
0,"8-Acetamido-1,1,15,15-tetrachloropentadeca-3-yne",0.10582010582010581,0.4470899470899471
0,"8-Acetamido-1,1,15,15,15-pentachloropentadeca-3-yne",0.10582010582010581,0.4470899470899471
1,"8-Acetamido-1,1,1,15,15-pentachloropentadeca-3,12-diyne",0.09375,0.546875
1,"8-Acetamido-1,1,1,15,15,15-hexachloropentadeca-3,12-diyne",0.09375,0.546875
0,A90720A,0.6955961331901181,0.15220193340494093
1,Kalkipyrone A,0.09290953545232274,0.5464547677261614
0,Yanucamide B,0.10469314079422383,0.44765342960288806
0,Somocystinamide A,0.07503607503607504,0.4624819624819625
0,Yanucamide A,0.10679611650485436,0.44660194174757284
1,Nhatrangin A,0.3293768545994065,0.6646884272997032
1,Nhatrangin B,0.2883116883116883,0.6441558441558441
1,Parguerene,0.10282776349614396,0.5514138817480719
1,Takinolide seco-acid,0.12053571428571429,0.5602678571428571
1,Amantelide B,0.05025125628140704,0.5251256281407035
1,Amantelide A,0.05454545454545454,0.5272727272727272
1,N-butyryl-L-homoserine lactone,0.19369369369369369,0.5968468468468469
1,Malyngamide V,0.15975103734439833,0.5798755186721991
1,Precarriebowmide,0.16314199395770393,0.581570996978852
0,3-phenylethyl-2'-deoxyuridine,0.07743362831858407,0.461283185840708
1,3-acetyl-2'-deoxyuridine,0.11557788944723618,0.5577889447236181
0,Besarhanamide B,0.1569767441860465,0.4215116279069767
0,Mooreaside A,0.04939024390243903,0.47530487804878047
1,Cryptomaldamide,0.13823529411764707,0.5691176470588235
0,Majusculamide B,0.3239202657807309,0.3380398671096345
1,Apratoxin H,0.0653249752556912,0.5326624876278456
1,Lyngbyacarbonate,0.13063063063063063,0.5653153153153153
1,Y-lactone 2,0.14009661835748793,0.5700483091787439
1,Pukeleimide E,0.12953367875647667,0.56476683937823835
1,Pukeleimide G,0.1087962962962963,0.5543981481481481
1,Pukeleimide B,0.11645569620253164,0.5582278481012658
1,Pukeleimide A,0.11645569620253164,0.5582278481012658
1,Pukeleimide D,0.1728395061728395,0.5864197530864197
1,Tetrahydroindol 3,0.09029345372460497,0.5451467268623025
1,Tetrahydroindol 4,0.08048780487804878,0.5402439024390244
1,Tetrahydroindol 1,0.08048780487804878,0.5402439024390244
1,Tetrahydroindol 2,0.07727272727272727,0.5386363636363636
0,Tetrahydroindol 5,0.03234501347708895,0.4838274932614555
0,Floridamide,0.17096701817365942,0.4145164909131703
0,Guineamide G,0.2292783505154639,0.38536082474226807
0,Dechlorobarbamide,0.21706586826347304,0.39146706586826346
0,Barbamide,0.20863309352517986,0.39568345323741005
1,Columbamide A,0.11855670103092783,0.5592783505154639
1,Columbamide C,0.13313609467455623,0.5665680473372781
1,Columbamide B,0.11825192802056556,0.5591259640102828
1,Besarhanamide A,0.14775160599571735,0.5738758029978587
1,Serinolamide A,0.13803680981595093,0.5690184049079755
1,Tanikolide,0.236,0.618
1,Takinolide dimer,0.12910284463894967,0.5645514223194749
1,Malyngolide,0.23628691983122363,0.6181434599156118
1,Malyngolide dimer,0.14463840399002495,0.5723192019950125
1,Lyngbic acid,0.17083333333333334,0.5854166666666667
1,Malyngamide K,0.11252268602540835,0.5562613430127041
1,Malyngamide,0.0950533462657614,0.5475266731328807
1,Malyngamide E,0.11912225705329153,0.5595611285266457
0,Majusculamide A,0.3239202657807309,0.3380398671096345
1,Debromogrenadadien,0.1174785100286533,0.5587392550143266
1,Grenadadien,0.10962566844919786,0.5548128342245989
0,Grenadamide,0.15306122448979592,0.423469387755102
1,Malyngamide J,0.036560033236393855,0.5182800166181969
1,N-demethyl-isomalyngamide I,0.1067251461988304,0.5533625730994152
1,"6,8-di-O-acetylmalyngamide",0.09403973509933775,0.5470198675496689
1,6-O-acetylmalyngamide,0.09673024523160763,0.5483651226158038
1,Malyngamide 4,0.09868421052631579,0.5493421052631579
1,Laxaphycin B,0.9487026543393976,0.9743513271696989
1,Laxaphycin B3,0.9252472367655614,0.9626236183827808
1,Laxaphycin B2,0.9482653682288497,0.9741326841144249
1,Lyngbioic acid,0.12857142857142856,0.5642857142857143
0,Hermitamide B,0.1041551246537396,0.4479224376731302
1,Hermitamide A,0.12564102564102564,0.5628205128205128
1,Malyngamide H,0.10948905109489052,0.5547445255474452
1,Malyngamide Q,0.08773500447627573,0.5438675022381378
1,Malyngamide T,0.08333333333333333,0.5416666666666666
1,Malyngamide C,0.10056657223796034,0.5502832861189801
1,8-O-acetyl-8-epi-malyngamide C,0.07792207792207792,0.538961038961039
1,8-epi-malyngamide C,0.10056657223796034,0.5502832861189801
1,Malyngamide 3,0.11475409836065574,0.5573770491803278
1,Isomalyngamide A,0.09227871939736347,0.5461393596986818
1,Isomalyngamide B,0.10317460317460317,0.5515873015873016
1,Malyngamide R,0.08773500447627573,0.5438675022381378
1,Malyngamide L,0.11904761904761904,0.5595238095238095
1,Malyngamide B,0.10317460317460317,0.5515873015873016
1,Malyngamide A,0.09227871939736347,0.5461393596986818
1,Malyngamide I,0.1067251461988304,0.5533625730994152
1,methyl tumonoate A,0.19832402234636873,0.5991620111731844
1,Tumonoic acid C,0.1126331811263318,0.556316590563166
1,methyl tumonoate B,0.10136986301369863,0.5506849315068493
1,Tumonoic acid B,0.1069364161849711,0.5534682080924855
1,Tumonic acid A,0.20307692307692307,0.6015384615384616
1,Laxaphycin A,0.8914357682619647,0.9457178841309823
0,Antanapeptin C,0.11639280125195618,0.4418035993740219
1,Malyngamide Y,0.124,0.562
0,Pitipeptolide C,0.13703837798696597,0.43148081100651703
1,Hantupeptin C,0.11077985250274595,0.555389926251373
1,Trungapeptin C,0.10797680614323774,0.5539884030716189
1,Tiahuramide C,0.1077909887359199,0.5538954943679599
1,(-)-7-methoxydodec-4(E)-enoic acid,0.18468468468468469,0.5923423423423424
1,Malyngamide W,0.14671814671814673,0.5733590733590733
1,Malyngamide U,0.15975103734439833,0.5798755186721991
0,Palau’imide,0.13705583756345177,0.43147208121827413
1,Guineamide E,0.11946729338033686,0.5597336466901685
0,Guineamide D,0.1251621271076524,0.4374189364461738
0,Guineamide F,0.24131190269331015,0.3793440486533449
1,Microcolin B,0.18818681318681318,0.5940934065934066
1,Microcolin A,0.1970509383378016,0.5985254691689008
0,Lyngbyabellin I,0.05300632911392405,0.473496835443038
0,Lyngbyabellin F,0.05230530802014723,0.4738473459899264
0,Lyngbyabellin H,0.02987962166809974,0.4850601891659501
0,Lyngbyabellin E,0.028784427417684822,0.4856077862911576
1,Palmyramide A,0.12749003984063745,0.5637450199203187
1,Pitiprolamide,0.10767802678689829,0.5538390133934491
0,Lyngbyastatin 3,0.1974711788769059,0.40126441056154705
1,Hoiamide A,0.03035793933987511,0.5151789696699376
0,Grenadamide B,0.1510989010989011,0.42445054945054944
0,Grenadamide C,0.14473684210526316,0.4276315789473684
0,Lyngbyabellin A,0.08798972382787412,0.4560051380860629
0,Guineamide C,0.18468468468468469,0.40765765765765766
0,Antanapeptin B,0.116015625,0.4419921875
0,Antanapeptin A,0.11603828872826724,0.44198085563586637
1,Homodolastatin 3,0.15587830224114185,0.5779391511205709
1,Jamaicamide C,0.08849557522123894,0.5442477876106194
1,Jamaicamide A,0.08183306055646482,0.5409165302782324
1,Jamaicamide B,0.08680555555555555,0.5434027777777778
0,Antanapeptin D,0.11586452762923351,0.44206773618538325
1,7-formyl-3-methoxy-5-methylindanone,0.16393442622950818,0.5819672131147541
1,"N,7-Dimethylindole-3-carbaldehyde",0.05338078291814947,0.5266903914590747
1,Anhydroaplysiatoxin,0.06925418569254185,0.534627092846271
0,"4,8-dimethyl-6-O-(2’,4’-di-O-methyl-beta-D-xylopyranosyl)hydroxyquinoline",0.1219951923076923,0.43900240384615385
1,"4,8-dimethyl-6-hydroxyquinoline",0.07608695652173914,0.5380434782608696
0,Not named CyanoMetDB_1645,0.15030846887268648,0.4248457655636568
0,Dudawalamide D,0.15666233042185468,0.4216688347890727
1,Wewakazole B,0.0875632080906356,0.5437816040453178
1,Lagunamide C,0.10257151112395262,0.5512857555619763
1,Hantupeptin A,0.1101535568787214,0.5550767784393607
1,Hantupeptin B,0.11065830721003135,0.5553291536050157
1,Tiahuramide B,0.10767307391779965,0.5538365369588998
1,Tiahuramide A,0.1071707545695985,0.5535853772847993
1,Trungapeptin B,0.10785848465873513,0.5539292423293676
1,Trungapeptin A,0.10735524256651018,0.553677621283255
0,Pitipeptolide D,0.13689936536718042,0.4315503173164098
0,Pitipeptolide B,0.13622402890695573,0.43188798554652214
0,Pitipeptolide A,0.13670886075949368,0.43164556962025313
0,Pitipeptolide F,0.13656387665198239,0.43171806167400884
1,Lagunamide A,0.10430170889805539,0.5521508544490277
0,Pitipeptolide E,0.13536316947909025,0.4323184152604549
1,Lyngbyastatin 2,0.0964765100671141,0.548238255033557
1,Norlyngbyastatin 2,0.10435168738898756,0.5521758436944938
1,Grassypeptolide F,0.06377225268534516,0.5318861263426726
0,Dolastatin 12,0.20203488372093023,0.39898255813953487
0,Majusculamide C,0.1987179487179487,0.40064102564102566
0,Lyngbyastatin 1,0.19868049010367578,0.4006597549481621
0,Desmethoxymajusculamide C,0.20207684319833852,0.39896157840083074
0,57-Normajusculamide C,0.19478790184515885,0.4026060490774206
0,Guineamide A,0.1750776397515528,0.4124611801242236
0,Kalkitoxin,0.10085836909871244,0.44957081545064376
1,Lagunamide B,0.1021288837744534,0.5510644418872267
0,Homodolastatin 16,0.09268345872860102,0.45365827063569947
1,Apratoxin D,0.06340197827144478,0.5317009891357224
1,Apratoxin A sulfoxide,0.06261980830670927,0.5313099041533547
1,Apratoxin A,0.06503251625812906,0.5325162581290646
0,Dudawalamide A,0.10942477047030166,0.4452876147648492
1,Malyngic acid,0.125,0.5625
1,Aurilide C,0.08239022181982798,0.541195110909914
1,Aurilide B,0.08572691117984976,0.5428634555899249
0,Majusculamide D,0.21132596685082872,0.39433701657458564
0,deoxy-Majusculamide D,0.1950402144772118,0.4024798927613941
0,Carmabid B,0.2801377726750861,0.35993111366245695
0,Carmabin A,0.2668213457076566,0.3665893271461717
1,Kororamide,0.09269402153731897,0.5463470107686594
1,Dolastatin 3,0.15322325551970645,0.5766116277598532
0,Lyngbyatoxin B,0.10499075785582256,0.4475046210720887
0,Lyngbyatoxin C,0.09403323262839879,0.4529833836858006
0,Lyngbyabellin B,0.0840589417280643,0.45797052913596786
0,Teleocidin B,0.08626865671641791,0.45686567164179104
0,Cocosamide A,0.2292783505154639,0.38536082474226807
0,Cocosamide B,0.2292783505154639,0.38536082474226807
0,Herbamide B,0.18887015177065766,0.40556492411467115
1,Dragonamide E,0.1462701121404193,0.5731350560702096
0,Ypaoamide A,0.08522114347357065,0.45738942826321466
1,Not named CyanoMetDB_1749,0.1013215859030837,0.5506607929515418
0,Taveuniamide F,0.10416666666666667,0.4479166666666667
1,Taveuniamide G,0.08996539792387544,0.5449826989619377
1,Taveuniamide D,0.13761467889908258,0.5688073394495413
1,Taveuniamide J,0.10077519379844961,0.5503875968992248
1,Taveuniamide B,0.14860681114551083,0.5743034055727554
1,Taveuniamide I,0.10077519379844961,0.5503875968992248
1,Taveuniamide H,0.10116731517509728,0.5505836575875487
1,Taveuniamide A,0.14860681114551083,0.5743034055727554
1,Taveuniamide K,0.10784313725490197,0.553921568627451
1,Taveuniamide C,0.15789473684210525,0.5789473684210527
1,Taveuniamide E,0.15202702702702703,0.5760135135135135
0,Dudawalamide C,0.15467219291635267,0.42266390354182365
0,Lyngbyatoxin A,0.10605461020973486,0.4469726948951326
0,Teleocidin-A2 19(S),0.10605461020973486,0.4469726948951326
0,Guineamide B,0.17301829268292682,0.4134908536585366
0,Curacin D,0.06463195691202872,0.46768402154398564
0,Curacin B,0.06797853309481217,0.4660107334525939
0,Curacin A,0.06797853309481217,0.4660107334525939
0,Curacin C,0.06797853309481217,0.4660107334525939
0,Dolastatin 16,0.09365592596722043,0.4531720370163898
0,Hectochlorin,0.03852540684158087,0.48073729657920955
0,Lyngbyabellin G,0.043943446694688575,0.47802827665265574
0,Apramide F,0.19349516851284468,0.4032524157435777
0,Apramide C,0.20642701525054466,0.3967864923747277
0,Almiramide C,0.2052980132450331,0.3973509933774835
0,Almiramide A,0.2254259501965924,0.3872870249017038
0,Apramide D,0.19321394910461828,0.40339302544769085
0,Apramide A,0.2060424605334785,0.39697876973326074
0,Apramide G,0.20881542699724517,0.3955922865013774
0,Almiramide B,0.2052980132450331,0.3973509933774835
0,Dudawalamide B,0.2243474795776051,0.3878262602111975
1,Grassypeptolide G,0.06388506801161546,0.5319425340058077
0,Antillatoxin-B,0.190359477124183,0.4048202614379085
0,Antillatoxin-A,0.15250767656090072,0.42374616171954965
0,Itralamide A,0.30593358737071313,0.3470332063146434
0,Itralamide B,0.3178231292517007,0.3410884353741497
1,Anhydrodebromoaplysiatoxin,0.07268370607028754,0.5363418530351438
0,Dragomabin,0.24695863746958638,0.3765206812652068
0,Dragonamide B,0.23853211009174313,0.38073394495412843
0,Nordysidenin,0.27079646017699116,0.3646017699115044
0,Pseudodysidenin,0.27079646017699116,0.3646017699115044
0,Dysidenamide,0.1450381679389313,0.42748091603053434
0,Dragonamide A,0.2246376811594203,0.38768115942028986
0,Apramide E,0.19321394910461828,0.40339302544769085
0,Apramide B,0.2060424605334785,0.39697876973326074
1,Stigonemapeptin,0.5719326383319968,0.7859663191659985
1,Wewakazole,0.08594029753572707,0.5429701487678635
1,Lyngbyazothrin B,0.3105707306240284,0.6552853653120142
1,neo-debromoaplysiatoxin A,0.11118930330752991,0.555594651653765
1,neo-debromoaplysiatoxin B,0.134315424610052,0.567157712305026
0,Decarbamoylgonyautoxin-3,0.060969254820218866,0.46951537258989057
1,Asterina-330,0.5322033898305085,0.7661016949152543
1,Lyngbyaureidamides B,0.25457495718020373,0.6272874785901019
1,Lyngbyaureidamides A,0.24709378550825978,0.6235468927541299
0,Izenamide C,0.18565400843881857,0.40717299578059074
0,Grassystatin B,0.1898871527777778,0.4050564236111111
0,Grassystatin A,0.1869281045751634,0.4065359477124183
0,Benderamide A,0.23485937179223978,0.3825703141038801
1,Aestuaramide A,0.14035325473189683,0.5701766273659484
1,Aestuaramide B,0.1445947857243883,0.5722973928621942
1,Madangolide,0.1222707423580786,0.5611353711790393
0,13-O-acetyldecarbamoylsaxitoxin-11alpha-O-sulfate,0.05836194212849436,0.47081902893575284
0,"13-O-acetyldecarbamoylsaxitoxin-11beta-
O-sulfate",0.05836194212849436,0.47081902893575284
1,Pahayokolide A,0.29544730977395733,0.6477236548869787
1,Pahayokolide B,0.358264675592173,0.6791323377960865
1,Izenamide B,0.164066702528241,0.5820333512641205
0,Grassystatin C,0.18891320204230488,0.40554339897884756
0,2-epi-lyngbyaloside,0.03548284287687241,0.4822585785615638
1,Izenamide A,0.16132478632478633,0.5806623931623932
0,Gonyautoxin-3,0.05138888888888889,0.47430555555555554
1,13-O-Acetyldecarbamoylsaxitoxin,0.07098765432098765,0.5354938271604939
0,12beta-Deoxydecarbamoylsaxitoxin,0.08666666666666667,0.45666666666666667
1,13-O-Acetyl-12beta-deoxydecarbamoylsaxitoxin,0.06730065837600585,0.5336503291880029
0,13-O-acetyl-12beta-deoxydecarbamoylsaxitoxin-11beta-O-sulfate,0.058390578999018644,0.47080471050049066
0,Decarbamoylgonyautoxin-2,0.060969254820218866,0.46951537258989057
1,Lobocyclamide C,0.914396887159533,0.9571984435797665
1,Semiplenamide D,0.11168831168831168,0.5558441558441558
1,Semiplenamide G,0.11801242236024845,0.5590062111801242
1,Semiplenamide F,0.14933333333333335,0.5746666666666667
1,Semiplenamide E,0.1184573002754821,0.559228650137741
1,Semiplenamide B,0.1026252983293556,0.5513126491646778
1,Semiplenamide A,0.11527377521613832,0.5576368876080692
1,Semiplenamide C,0.13978494623655913,0.5698924731182795
1,Lyngbyacyclamide A,0.37563131313131315,0.6878156565656566
1,Lyngbyacyclamide B,0.36887652603925203,0.684438263019626
1,"2,5-dimethyldodecanoic acid",0.13043478260869565,0.5652173913043478
1,Lobocyclamide B,0.8691322901849218,0.9345661450924609
1,Malyngamide 2,0.12181818181818181,0.5609090909090909
1,7-methoxy-9-methylhexadecadienoic acid,0.13186813186813187,0.5659340659340659
1,Lyngbyastatin 7,0.6372093023255814,0.8186046511627907
1,Lobocyclamide A,0.8329702251270878,0.9164851125635439
0,Wewakpeptin B,0.14299321347779498,0.42850339326110254
0,Wewakpeptin D,0.13690935125013767,0.43154532437493115
0,Porpoisamide B,0.13549239920687375,0.43225380039656314
0,Porpoisamide A,0.13549239920687375,0.43225380039656314
1,Desacetylmicrocolin B,0.2088752869166029,0.6044376434583014
0,Kempopeptin B,0.7512485136741974,0.12437574316290129
1,Bouillomide B,0.5848726424265993,0.7924363212132997
0,Lyngbyabellin D,0.058823529411764705,0.47058823529411764
0,Lyngbyabellin J,0.03143498673198612,0.48428250663400696
0,Pompanopeptin A,0.6826149721592081,0.15869251392039596
0,Ulongamide C,0.17891070297656744,0.4105446485117163
0,Ulongamide B,0.16540267244492596,0.417298663777537
0,Ulongamide A,0.17153558052434456,0.4142322097378277
1,Carriebowmide,0.15840422411264302,0.5792021120563215
0,Ulongamide F,0.13571165869805074,0.43214417065097466
0,Ulongamide D,0.16612694300518135,0.4169365284974093
0,Ulongamide E,0.16457286432160803,0.417713567839196
0,Lyngbyapeptin A,0.28029034059184815,0.3598548297040759
0,Lyngbyabellin C,0.0479151426481346,0.4760424286759327
1,Norbisebromoamide,0.10601394067109743,0.5530069703355487
1,Bisebromoamide,0.10601394067109743,0.5530069703355487
1,Laingolide A,0.13043478260869565,0.5652173913043478
1,Laingolide B,0.1185682326621924,0.5592841163310962
1,Laingolide,0.13010204081632654,0.5650510204081632
0,Obyanamide,0.17548638132295719,0.4122568093385214
0,27-deoxylyngbyabellin A,0.09256756756756757,0.4537162162162162
1,Wewakamide A,0.13902732428252276,0.5695136621412614
1,Lyngbyaureidamide A,0.9278396436525612,0.9639198218262806
0,Lyngbyaureidamide B,0.961624274877287,0.019187862561356517
0,Wewakpeptin A,0.1434182337538681,0.42829088312306596
0,Wewakpeptin C,0.13728944181437852,0.43135527909281074
1,Lyngbyazothrin D,0.25457495718020373,0.6272874785901019
1,Lyngbyazothrin C,0.24709378550825978,0.6235468927541299
1,Lyngbyazothrin A,0.3127236135957066,0.6563618067978533
1,Pompanopeptin B,0.6252332960059723,0.8126166480029862
0,15-norlyngbyapeptin A,0.2885057471264368,0.35574712643678164
1,Grassypeptolide C,0.06725007883948281,0.5336250394197414
1,Grassypeptolide A,0.06725007883948281,0.5336250394197414
0,Cyanolide A,0.025748015469163443,0.4871259922654183
0,Maedamide,0.14874411302982732,0.42562794348508637
1,Apratoxin C,0.06503251625812906,0.5325162581290646
1,Apratoxin B,0.06499582289055973,0.5324979114452799
1,Apratoxin E,0.06967356967356968,0.5348367848367849
1,Apratoxin F,0.07740492170022371,0.5387024608501119
1,Kempopeptin A,0.6414948950105953,0.8207474475052976
0,Lyngbyapeptin D,0.28038439796495196,0.359807801017524
0,Dragonamide D,0.2310405643738977,0.3844797178130511
0,Dragonamide C,0.12753623188405797,0.43623188405797103
1,Jahanene (ene),0.304823470909995,0.6524117354549975
0,Lyngbyaloside B,0.03571844095404305,0.48214077952297846
1,Apratoxin G,0.07632363052945221,0.5381618152647261
0,18Z-lyngbyaloside C,0.040575474879172756,0.4797122625604136
0,18E-lyngbyaloside C,0.040575474879172756,0.4797122625604136
1,Bouillomide A,0.6246882793017456,0.8123441396508728
0,Lyngbouilloside,0.03935498421290032,0.48032250789354985
1,Grassypeptolide B,0.06742655321881522,0.5337132766094076
0,Lyngbyaloside,0.030745747928477975,0.484627126035761
1,Lyngbyastatin 9,0.6246882793017456,0.8123441396508728
1,Lyngbyastatin 10,0.5848726424265993,0.7924363212132997
0,Lyngbyastatin 6,0.4786073825503356,0.2606963087248322
0,Lyngbyastatin 4,0.495937318630296,0.252031340684852
0,Lyngbyastatin 5,0.5254576219043224,0.23727118904783878
1,Lyngbyastatin 8,0.6020514967552858,0.8010257483776428
1,Tiglicamide C,0.22970479704797048,0.6148523985239852
0,Tiglicamide A,0.21859926683387998,0.39070036658306
1,Tiglicamide B,0.25419863155712213,0.627099315778561
1,Koshikalide,0.09569377990430622,0.5478468899521531
1,Biselyngbyaside C,0.01930076100143377,0.5096503805007169
1,Biselyngbyaside D,0.025449101796407185,0.5127245508982036
1,Biselyngbyaside B,0.027257240204429302,0.5136286201022147
1,Oscillatoxin A,0.08740601503759399,0.543703007518797
0,Aeruginozamide AEG671,0.5941223193010325,0.20293884034948373
0,Aeruginozamide AEG721,0.4946449821499405,0.2526775089250297
0,Aeruginozamide AEG639,0.506938775510204,0.24653061224489797
0,Aeruginozamide AEG707,0.5067319461444308,0.24663402692778458
0,Aeruginozamide AEG705,0.3570901033973412,0.32145494830132937
0,Aeruginozamide AEG657,0.5677365568987078,0.21613172155064608
0,Aeruginozamide AEG625,0.48100725565514296,0.2594963721724285
0,Aeruginozamide AEG693,0.48080204778157,0.259598976109215
0,Aeruginozamide AEG685,0.5941223193010325,0.20293884034948373
0,Aeruginozamide AEG667,0.34437321937321935,0.3278133903133903
0,Aeruginozamide AEG603,0.553941908713693,0.2230290456431535
0,Aeruginozamide AEG571,0.4641025641025641,0.26794871794871794
1,Loggerpeptin A,0.7541129390840373,0.8770564695420187
1,Loggerpeptin B,0.7708370199964608,0.8854185099982304
1,Loggerpeptin C,0.6660373400461507,0.8330186700230753
1,Honaucin B,0.11570247933884298,0.5578512396694215
1,Honaucin C,0.11864406779661017,0.559322033898305
1,Honaucin A,0.1016260162601626,0.5508130081300813
0,Ibu-epidemethoxylyngbyastatin 3,0.20106470106470106,0.39946764946764945
1,Yoshinone B2,0.0989247311827957,0.5494623655913978
1,Yoshinone B1,0.0989247311827957,0.5494623655913978
1,Yoshinone A,0.10738255033557047,0.5536912751677853
1,Kalkipyrone B,0.10123456790123457,0.5506172839506173
1,Coibamide A,0.3381980930142051,0.6690990465071025
1,Grassypeptolide E,0.06725007883948281,0.5336250394197414
1,Grassypeptolide D,0.06725007883948281,0.5336250394197414
1,Companeramide A,0.18322500773754255,0.5916125038687713
0,Crossbyanol B,0.01447229085774797,0.49276385457112604
0,Crossbyanol C,0.015235971757710888,0.4923820141211446
0,Crossbyanol D,0.015241635687732341,0.49237918215613385
1,Crossbyanol A,0.013957307060755337,0.5069786535303776
1,Companeramide B,0.19207019824504387,0.596035099122522
1,Shinorine,0.49074074074074076,0.7453703703703703
1,Chlorohyellazole,0.03636363636363636,0.5181818181818182
0,1Z-pitiamide B,0.1245136186770428,0.4377431906614786
0,1E-pitiamide B,0.1245136186770428,0.4377431906614786
1,Pitiamide A,0.13119533527696792,0.565597667638484
1,Laxaphycin A2,0.8765120967741935,0.9382560483870968
1,Laxaphycin B4,0.8890441587479039,0.9445220793739519
1,Hormothamnin A,0.8914357682619647,0.9457178841309823
1,Anaephene B,0.1970260223048327,0.5985130111524164
1,Anaephene A,0.2190082644628099,0.609504132231405
1,Anaephene C,0.1450980392156863,0.5725490196078431
1,Hassallidin B,0.7783070721876145,0.8891535360938072
1,Hassallidin A,0.9833333333333333,0.9916666666666667
0,[D-Asp³]MC-RA,0.7385524372230429,0.13072378138847857
1,12-epi-Hapalindole C isonitrile,0.11088295687885011,0.555441478439425
1,12-epi-Hapalindole E isonitrile,0.12109375,0.560546875
0,Hapalindole L,0.06440198159943383,0.46779900920028306
0,Anhydrohapaloxindole M,0.049557522123893805,0.4752212389380531
0,Anhydrohapaloxindole B,0.04760914760914761,0.4761954261954262
0,Hapalindole A isothiocyanate,0.06976744186046512,0.46511627906976744
0,Hapalindole A,0.07325141776937619,0.4633742911153119
1,Hapalosin,0.10465116279069768,0.5523255813953488
0,12-epi-Hapalindole G,0.07024988213107025,0.4648750589344649
0,12-epi-Hapalindole G,0.07264957264957266,0.4636752136752137
0,12-epi-Hapalindole H,0.07361660079051384,0.4631916996047431
1,Hapalindole D,0.10093457943925234,0.5504672897196262
1,Hapalindole Q,0.10093457943925234,0.5504672897196262
1,Hapalindole F,0.1103202846975089,0.5551601423487544
0,12-epi-fisherindole U isothiocyanate,0.07527926177756192,0.462360369111219
0,12-epi-fischerindole U isonitrile,0.07539480387162506,0.4623025980641875
1,Fontonamide,0.07512953367875648,0.5375647668393783
0,Hapalonamide A,0.10416666666666667,0.4479166666666667
1,Welwitindolinone C isothiocyanate,0.043593130779392336,0.5217965653896962
1,N-methylwelwitindolinone C isothiocyanate,0.04266321913380737,0.5213316095669037
1,N-methylwelwitinsolinone C isonitrile,0.046218487394957986,0.523109243697479
1,3-epi-welwitindolinone B isothiocyanate,0.05512422360248447,0.5275621118012422
1,Welwitindolinone B isothiocyanate,0.056259904912836764,0.5281299524564184
0,12-epi-Fischerindole I isonitrile,0.057068741893644616,0.4714656290531777
1,Welwitindolinone A isonitrile,0.07033997655334115,0.5351699882766706
0,12-epi-fischerindole G isonitrile,0.07275390625,0.463623046875
0,Hapalocyclamide,0.2537291169451074,0.37313544152744627
0,"[D-Asp³,DMAdda5]MC-LA",0.7711947626841243,0.11440261865793783
0,[D-Asp³]MC-VA,0.7711947626841243,0.11440261865793783
0,[Dha7]MC-LA,0.7984952567877004,0.1007523716061498
0,MC-VA,0.7696831100947403,0.11515844495262983
0,[D-Asp³]MC-LV,0.8225859247135843,0.08870703764320786
0,MC-LV,0.8209735380594577,0.08951323097027114
0,Hapalindole M,0.07313642756680731,0.46343178621659636
0,Ambiguine G nitrile,0.028975428836346778,0.48551228558182663
0,Anhydrohapaloxindole A,0.04812362030905077,0.4759381898454746
0,Hapalindole O,0.07267833109017496,0.4636608344549125
0,Hapalindole T,0.0635264951967772,0.4682367524016114
1,12-epi-Hapalindole Q isonitrile,0.11088295687885011,0.555441478439425
1,Chlorophyll f,0.061273520536623806,0.5306367602683119
1,Malyngamide M,0.09375,0.546875
1,Malyngamide N,0.10826210826210826,0.5541310541310541
1,Manauealide C,0.0752556237218814,0.5376278118609407
1,Manauealide A,0.08695652173913043,0.5434782608695652
1,Manauealide B,0.08594114899579636,0.5429705744978982
1,Debromoaplysiatoxin,0.09158785465405675,0.5457939273270284
1,Aplysiatoxin,0.08137992038920831,0.5406899601946041
1,Gloeolactone,0.09022556390977443,0.5451127819548872
1,N-octanoyl-homoserine lactone,0.21455938697318008,0.60727969348659006
1,Mycosporine-lysine,0.4519230769230769,0.7259615384615384
1,Mitsoamide,0.15799086757990868,0.5789954337899543
1,Fischerellin B,0.10344827586206896,0.5517241379310345
1,Fischerellin A,0.077733860342556,0.538866930171278
0,Aranazole C,0.06905537459283388,0.4654723127035831
0,Aranazole B,0.06922043010752688,0.46538978494623656
0,Aranazole A,0.05218263923733066,0.47390868038133466
0,Aranazole D,0.05307125307125307,0.4734643734643735
0,Deschloro 12-epi-fischerindole W nitrile,0.051423324150596875,0.47428833792470154
0,12-epi-fischerindole W nitrile,0.04694048616932104,0.4765297569153395
0,Ambiguine C isonitrile,0.06538839724680433,0.46730580137659783
0,Ambiguine B isonitrile,0.06136528685548293,0.46931735657225854
0,Ambiguine A isonitrile,0.05461121157323689,0.47269439421338155
0,Ambiguine E isonitrile,0.03719626168224299,0.4814018691588785
0,Ambiguine D isonitrile,0.05102497538268731,0.4744875123086563
0,Fischerindole L,0.07275390625,0.463623046875
1,Hapalindolinone B,0.12092130518234165,0.5604606525911708
1,Hapalindolinone A,0.12286689419795221,0.5614334470989761
1,Ambigol C,0.05027932960893855,0.5251396648044693
1,Ambigol A,0.04395604395604396,0.521978021978022
1,Ambigol B,0.04736842105263158,0.5236842105263158
1,"2,4-dichlorobenzoic acid",0.1152073732718894,0.5576036866359447
0,12-epi-Hapalindole J isonitrile,0.06973180076628352,0.46513409961685825
0,Deschloro 12-epi-fischerindole I nitrile,0.05923507462686567,0.47038246268656714
0,Ambiguine J isonitrile,0.04580152671755725,0.4770992366412214
1,Ambiguine I isonitrile,0.03832335329341317,0.5191616766467065
0,Ambiguine H isonitrile,0.0635862653666808,0.4682068673166596
1,13-hydroxy dechlorofontonamide,0.07532467532467532,0.5376623376623376
1,N-methylwelwitindolinone D isonitrile,0.04679376083188908,0.5233968804159446
1,3-hydroxy-N-methylwelwitindolinone C isothiocyanate,0.04710793082886106,0.5235539654144306
1,3-hydroxy-N-methylwelwitindolinone C isonitrile,0.0509020618556701,0.5254510309278351
0,12-epi-fischerindole I nitrile,0.05634427684117125,0.47182786157941436
0,Ambiguine Q nitrile,0.031226580064951288,0.48438670996752436
0,Ambiguine L isonitrile,0.045588629659426116,0.47720568517028694
0,Ambiguine N isonitrile,0.051470588235294115,0.4742647058823529
0,Fischambiguine A,0.05111175281547791,0.47444412359226107
0,Ambiguine P,0.03546099290780142,0.48226950354609927
0,Ambiguine K isonitrile,0.042425754928874466,0.47878712253556277
1,Ambiguine M isonitrile,0.04799451491258142,0.5239972574562907
0,Ambiguine F isonitrile,0.04716049382716049,0.47641975308641976
0,Ambiguine O isonitrile,0.04734895191122072,0.47632552404438966
0,Fischambiguine B,0.046038794110773544,0.47698060294461325
1,Mycosporine-2-glycine,0.48606811145510836,0.7430340557275542
1,Euhalothece-362,0.4475920679886686,0.7237960339943343
0,Eucapsitrione,0.024521072796934867,0.4877394636015326
1,"4,9-Seco-11,11-dihydroxy-N-sulfocarbamoylsaxitoxin",0.07761194029850746,0.5388059701492537
0,decarbamoyloxysaxitoxin,0.08865248226950355,0.45567375886524825
1,"12,12-Dideoxydecarbamoylsaxitoxin",0.08557692307692308,0.5427884615384615
0,11-Hydroxydecarbamoylsaxitoxin,0.08333333333333333,0.4583333333333333
1,"11,11-Dihydroxy-N-sulfocarbamoylsaxitoxin",0.0590823381521056,0.5295411690760528
1,"11,11-Dihydroxysaxitoxin",0.06835066864784546,0.5341753343239227
1,11-Hydroxy-N-sulfocarbamoylsaxitoxin,0.0590823381521056,0.5295411690760528
1,11-Hydroxysaxitoxin,0.06835066864784546,0.5341753343239227
0,Dolastatin I,0.3518486069738917,0.3240756965130541
1,Dolastatin 13,0.5647122889816664,0.7823561444908331
1,Dolastatin 15,0.08695215118616807,0.5434760755930841
0,Bauerine B,0.02127659574468085,0.48936170212765956
0,Bauerine C,0.04439511653718091,0.47780244173140957
1,Bauerine A,0.022408963585434174,0.511204481792717
1,Molassamide,0.6414664457332229,0.8207332228666114
1,Anabaenopeptin 877b,0.770017793594306,0.885008896797153
1,Anabaenopeptin 877a,0.7105911330049262,0.8552955665024631
1,Anabaenopeptin 850,0.8115330520393812,0.9057665260196905
1,Anabaenopeptin 906B2,0.7337855023314964,0.8668927511657483
1,Anabaenopeptin 863a,0.8689759036144579,0.9344879518072289
1,Anabaenopeptin 891,0.7378516624040921,0.868925831202046
1,Anabaenopeptin 864,0.8085007006071929,0.9042503503035965
1,Anabaenopeptin 848,0.8746841839312784,0.9373420919656392
1,Anabaenopeptin 906a,0.7337855023314964,0.8668927511657483
1,Muscotoxin A,0.42756831018165165,0.7137841550908258
1,Muscotoxin B,0.42756831018165165,0.7137841550908258
1,Cylindrofridin A,1,1
1,Cylindrofridin C,1,1
1,Cylindrofridin B,1,1
0,Gonyautoxin-6,0.058109280138768434,0.47094535993061576
1,Gonyautoxin-5,0.06139777922926192,0.530698889614631
0,12alpha-Deoxydecarbamoyloxysaxitoxin,0.08116883116883117,0.4594155844155844
0,12beta-Deoxydecarbamoyloxysaxitoxin,0.08116883116883117,0.4594155844155844
0,Gonyautoxin-2,0.057264552768575484,0.4713677236157123
1,7-Deoxy-desulfo-cylindrospermopsin,0.05409286740067018,0.5270464337003351
1,Puwainaphycin G,0.3138190493668563,0.6569095246834281
1,Puwainaphycin F,0.3030636580443955,0.6515318290221978
1,Cylindrocyclophane A,0.6256781193490054,0.8128390596745028
1,7-Deoxy-desulfo-12-acetylcylindrospermopsin,0.04538279400157853,0.5226913970007893
0,7-Deoxy-Cylindrospermopsin,0.060929432013769366,0.46953528399311534
0,Cylindrospermopsin,0.061337008959338385,0.4693314955203308
0,cis-Dihydroanatoxin-a,0.14521452145214522,0.4273927392739274
1,Cusperin A,0.11194029850746269,0.5559701492537313
1,Cusperin B,0.11013767209011265,0.5550688360450563
1,Tutuilamide C,0.5997850232891436,0.7998925116445719
0,Palytoxin carboxylic acid,0.034858766892871644,0.4825706165535642
1,"Mycosporine glycine 
",1,1
1,N-methylpalythine,0.6569037656903766,0.8284518828451883
1,Calophycin,0.3188533239535702,0.6594266619767851
1,"(S)-2,4-diaminobutyric acid",0.11891891891891893,0.5594594594594595
1,Calothrixamides B,0.11187214611872145,0.5559360730593608
0,Calothrixin B,0.029942418426103647,0.48502879078694816
0,Calothrixin A,0.028077753779697623,0.48596112311015116
1,Calothrixamides A,0.1111111111111111,0.5555555555555556
0,Hoshinoamide B,0.2153954802259887,0.3923022598870056
1,Hoshinoamide A,0.21857088269010316,0.6092854413450516
1,Caldoramide,0.15344376634699217,0.576721883173496
1,Caldorin,0.13138686131386862,0.5656934306569343
0,Laucysteinamide A,0.0928030303030303,0.45359848484848486
1,Anabaenopeptin 802,0.42243116185359303,0.7112155809267965
1,Tumonoic acid F,0.18803418803418803,0.594017094017094
1,Tumonoic acid D,0.20229007633587787,0.601145038167939
0,Tumonoic acid H,0.11166253101736973,0.4441687344913151
0,Tumonoic acid G,0.10625737898465171,0.44687131050767415
1,epi-tumonoic acid D,0.20229007633587787,0.601145038167939
1,Tumonoic acid E,0.2268041237113402,0.6134020618556701
1,Tumonoic acid I,0.10132890365448505,0.5506644518272426
1,Aulosirazole,0.0486322188449848,0.5243161094224924
1,Palythene,0.5322033898305085,0.7661016949152543
1,9-epi-sacrolide A,0.09832635983263599,0.549163179916318
1,"15,16-dihydrosacrolide A",0.1152073732718894,0.5576036866359447
1,Sacrolide A,0.1070615034168565,0.5535307517084282
0,Cyanopeptolin CB071,0.7391213389121339,0.13043933054393303
0,Neosaxitoxin,0.07419712070874862,0.4629014396456257
1,Saxitoxin,0.07087827426810478,0.5354391371340523
1,Aphanorphine,0.16455696202531644,0.5822784810126582
0,Decarbamoylgonyautoxin-1,0.06304558680892337,0.4684772065955383
1,11beta-hydroxysaxitoxin,0.059684684684684686,0.5298423423423424
0,Decarbamoylgonyautoxin-4,0.06304558680892337,0.4684772065955383
0,N-Sulfocarbamoylgonyautoxin-3,0.047749510763209393,0.4761252446183953
0,Gonyautoxin-4,0.054187192118226604,0.4729064039408867
0,N-Sulfocarbamoylgonyautoxin-4,0.047749510763209393,0.4761252446183953
0,Gonyautoxin-1,0.054187192118226604,0.4729064039408867
1,11-Carboxyanatoxin-a,0.19,0.595
1,11alpha-hydroxysaxitoxin,0.06492589978828511,0.5324629498941426
1,(2-(palmitoyloxy)ethyl)phosphate,0.17406143344709898,0.5870307167235495
1,Anabaenopeptin J,0.9493528418683174,0.9746764209341587
1,Anabaenopeptin I,0.7486095661846496,0.8743047830923247
1,Mueggelone,0.09022556390977443,0.5451127819548872
0,7-Epicylindrospermopsin,0.061337008959338385,0.4693314955203308
1,Bacteriohopanetetrol from 'Anacystis montana',0.08199643493761141,0.5409982174688057
0,N-Sulfocarbamoylgonyautoxin-1,0.050392399834779014,0.47480380008261047
0,N-Sulfocarbamoylgonyautoxin-2,0.050392399834779014,0.47480380008261047
0,Decarbamoylsaxitoxin,0.08652246256239601,0.456738768718802
0,[seco-4/5][D-Asp³]MC-LR,0.4555483452303699,0.27222582738481504
0,"[D-Ser1,D-Asp³]MC-HtyR",0.8212651413189771,0.08936742934051145
0,[D-Asp3]MC-HtyR,0.7938478143550999,0.10307609282245006
0,MC-HtyR,0.7925646551724138,0.1037176724137931
0,[D-Asp³]MC-M(O2)R,0.8348946135831382,0.0825526932084309
0,[D-Asp³]MC-Hty(OMe)R,0.711831599322526,0.14408420033873698
0,MC-M(O2)R,0.8334307422559907,0.08328462887200466
0,MC-HphR,0.8172222222222222,0.09138888888888891
0,[Mser7]MC-HtyR,0.7342820181112548,0.1328589909443726
0,[seco-4/5][D-Asp³]MC-HtyR,0.41152383737935067,0.2942380813103247
0,[seco-4/5]MC-HtyR,0.41152383737935067,0.2942380813103247
0,Anabaenopeptin A,0.9750111557340473,0.012494422132976357
1,Anabaenopeptin C,0.8754540736896731,0.9377270368448365
0,Anabaenopeptin B,0.9752026704816404,0.012398664759179778
0,[D-Asp³]MC-MR,0.8652912621359223,0.06735436893203883
0,[D-Asp³]MC-M(O)R,0.8351390922401172,0.08243045387994141
0,"[D-Asp3,D-MeO-Glu6]MC-LR",0.9291811571293076,0.0354094214353462
0,MC-MR,0.8637189582071472,0.06814052089642642
0,[D-MeO-Glu6]MC-LR,0.9274218996528873,0.036289050173556325
1,Spumigin J,0.63646408839779,0.8182320441988951
1,Anatoxin-a,0.16334661354581673,0.5816733067729084
0,Decarbamoyloxygonyautoxin-3,0.06701940035273368,0.46649029982363316
1,Hassallidin C,0.49979982384498356,0.7498999119224918
1,Anachelin,1,1
1,Anachelin-2,1,1
0,Anacyclamide A20PP,0.5614209827357237,0.21928950863213814
0,Anacyclamide A20P,0.5614209827357237,0.21928950863213814
0,Anabaenolysin B,0.07919911012235818,0.46040044493882093
0,Anabaenolysin A,0.07885943417242147,0.46057028291378926
0,Anabaenolysin D,0.08117550349362926,0.4594122482531854
0,Anabaenolysin C,0.08141447368421052,0.45929276315789475
1,Balticidin D,0.5587170201758924,0.7793585100879462
1,Balticidin B,0.552476766987808,0.776238383493904
1,Balticidin C,0.3271434634974533,0.6635717317487266
1,"[C181, ManAc4]Hassallidin D",0.3875730351196834,0.6937865175598417
1,"[C141, ManAc4]Hassallidin D",0.38979133226324236,0.6948956661316212
1,[ManAc3]Hassallidin D,0.47832493214424193,0.739162466072121
1,[ManAc1]Hassallidin D,0.47832493214424193,0.739162466072121
1,[Man]Hassallidin D,0.47832493214424193,0.739162466072121
1,"[C181, ManAc3]Hassallidin D",0.4706600534147272,0.7353300267073636
1,"[C181, ManAc2]Hassallidin D",0.4706600534147272,0.7353300267073636
1,"[C181, ManAc1]Hassallidin D",0.4706600534147272,0.7353300267073636
1,"[C181, Man]Hassallidin D",0.4706600534147272,0.7353300267073636
1,"[C141, ManAc3]Hassallidin D",0.47570152061451637,0.7378507603072582
1,"[C141, ManAc2]Hassallidin D",0.47570152061451637,0.7378507603072582
1,"[C141, ManAc1]Hassallidin D",0.47570152061451637,0.7378507603072582
1,"[C141, Man]Hassallidin D",0.47570152061451637,0.7378507603072582
0,[Dha7]MC-HtyR,0.7934196332254585,0.10329018338727075
0,"[D-Asp3,Dha7]MC-HtyR",0.7947055645596974,0.10264721772015128
0,[Dha7]MC-HphR,0.818131256952169,0.09093437152391548
1,Laxaphycin D,0.4691809738249367,0.7345904869124683
0,[Ser7]MC-RR,0.7943401513028859,0.10282992434855703
0,[Ser7]MC-HtyR,0.7352331606217617,0.13238341968911915
0,Anabaenopeptilide 90A,0.65625,0.171875
0,Anabaenopeptilide 90B,0.6340707049824271,0.18296464750878644
0,Anabaenopeptilide 202B,0.6240804683981385,0.18795976580093077
0,Anabaenopeptilide 202A,0.6242487980769231,0.18787560096153844
0,Schizokinen,0.554006968641115,0.2229965156794425
1,[D-Val9]Laxaphycin A,0.8807963709677419,0.940398185483871
1,Acyclolaxaphycin B,0.7354205033763045,0.8677102516881523
1,Acyclolaxaphycin B3,0.7354205033763045,0.8677102516881523
1,Laxaphycin E,0.8544181554804442,0.9272090777402221
1,Balticidin A,0.3235757003462386,0.6617878501731194
0,Anacyclamide B10,0.46037972697316804,0.269810136513416
0,Anacyclamide C10,0.4844290657439446,0.2577854671280277
0,Anacyclamide A15G,0.2974107767669699,0.35129461161651504
0,Anacyclamide A8P,0.3581415544941381,0.32092922275293095
0,Anacyclamide B8,0.422680412371134,0.28865979381443296
0,Anacyclamide A9P,0.43155718879191546,0.2842214056040423
0,Anacyclamide E10P,0.4813514699429574,0.2593242650285213
0,Anacyclamide E10,0.4096774193548387,0.29516129032258065
0,Anacyclamide D10,0.41762507188039105,0.29118746405980445
0,Anacyclamide B7,0.21456525438148716,0.39271737280925645
0,Anacyclamide C8,0.3858093126385809,0.30709534368070956
0,Anacyclamide A10,0.4651338677960974,0.2674330661019513
0,Anacyclamide A15,0.311993097497843,0.3440034512510785
0,Anacyclamide A11,0.5084014182210576,0.24579929088947122
1,"6-O-triacetyl(A,B,E)-beta-cyclodextrin",0.02968363136176066,0.5148418156808803
1,"6-O-triacetyl(A,B,D)-beta-cyclodextrin",0.02977319587628866,0.5148865979381443
1,"6-O-diacetyl(A,B)-beta-cyclodextrin",0.029358152894387982,0.514679076447194
1,6-O-acetyl-beta-cyclodextrin,0.029312631229970163,0.514656315614985
1,beta-cyclodextrin,0.023765404864848967,0.5118827024324245
1,"6-O-tetraacetyl(A,B,D,E)-alpha-cyclodextrin",0.029730771348345536,0.5148653856741727
1,"6-O-tetraacetyl(A,B,C,E)-alpha-cyclodextrin",0.029730771348345536,0.5148653856741727
1,"6-O-triacetyl(A,C,E)-alpha-cyclodextrin",0.029509914779778813,0.5147549573898894
1,"6-O-triacetyl(A,B,C)-alpha-cyclodextrin",0.029555292106641668,0.5147776460533209
1,"6-O-diacetyl(A,C)-alpha-cyclodextrin",0.029509914779778813,0.5147549573898894
1,"6-O-diacetyl(A,B)-alpha-cyclodextrin",0.02931578074008518,0.5146578903700426
1,6-O-acetyl-alpha-cyclodextrin,0.029270182039506445,0.5146350910197532
1,gamma-cyclodextrin,0.023765404864848967,0.5118827024324245
1,[ManAc4]Hassallidin D,0.38499937601397727,0.6924996880069887
1,Anacyclamide A7,0.46695585608573614,0.733477928042868
0,Guanitoxin,0.04336734693877551,0.47831632653061223
1,Puwainaphycin D,0.320253164556962,0.660126582278481
1,Puwainaphycin B,0.3142857142857143,0.6571428571428571
1,Puwainaphycin E,0.3276327632763276,0.6638163816381638
1,Puwainaphycin A,0.3154792858381002,0.6577396429190501
1,Minutissamide A,0.3122163388804841,0.6561081694402421
1,Spiroidesin,0.35809987819732036,0.6790499390986602
1,Puwainaphycin C,0.32144118685976686,0.6607205934298834
1,Minutissamide D,0.29116819141449685,0.6455840957072484
1,Minutissamide C,0.29121942635931725,0.6456097131796587
0,Anabaenopeptin D,0.9375278893351182,0.031236055332440893
1,Anabaenopeptin NZ825,0.8962093862815884,0.9481046931407942
1,Anabaenopeptin NZ841,0.9391343552750225,0.9695671776375112
1,Anabaenopeptin NZ857,0.972072072072072,0.9860360360360361
1,Dehydroradiosumin,1,1
1,Circinamide,0.1755485893416928,0.5877742946708464
1,Anachelin-H,0.42046303211351754,0.7102315160567587
0,7-OMe-29-OAc-scytophycin B,0.037405205984832955,0.4812973970075835
1,"(3R,2'S)-myxol 2'-fucoside",0.04121687929342493,0.5206084396467124
1,"(3S,2'S)-4-ketomyxol 2'-fucoside",0.04981549815498155,0.5249077490774908
1,Minutissamide L,0.31920155449567217,0.6596007772478361
1,Minutissamide H,0.31893979287344215,0.659469896436721
1,Minutissamide K,0.31614583333333335,0.6580729166666667
1,Minutissamide I,0.31580773902481346,0.6579038695124068
1,Minutissamide J,0.3278008298755187,0.6639004149377593
1,Minutissamide E,0.31546285123254614,0.6577314256162731
1,Minutissamide F,0.32753675152384365,0.6637683757619218
1,Bromoanaindolone,0.09120521172638436,0.5456026058631922
0,"[D-Asp3,Dha7]MC-HphR",0.8194986072423398,0.0902506963788301
0,"[D-Asp3,Ser7]MC-HtyR",0.736377789309808,0.131811105345096
0,"[D-Asp3,Dha7]MC-FR",0.790904048807543,0.10454797559622853
0,[D-Asp3]MC-LR,0.9620294599018003,0.018985270049099834
0,"[D-Asp3,Ser7]MC-LR",0.8867688457929309,0.05661557710353454
0,[Ser7]MC-LR,0.8851077115204495,0.05744614423977523
0,"[D-Asp3,Dha7]MC-E(OMe)E(OMe)",0.7203011712214166,0.13984941438929172
0,"[D-Asp3,Ser7]MC-E(OMe)E(OMe)",0.6678302900107411,0.16608485499462944
0,"[D-Asp3,Dha7]MC-EE(OMe)",0.7399026067029505,0.13004869664852475
0,[Dha7]MC-E(OMe)E(OMe),0.719097995545657,0.1404510022271715
0,[L-Ser7]MC-E(OMe)E(OMe),0.6667560321715817,0.16662198391420913
0,[Dha7]MC-EE(OMe),0.7386331140977981,0.13068344295110096
0,[L-Ser7]MC-EE(OMe),0.6843698403962576,0.1578150798018712
1,Minutissamide B,0.30528846153846156,0.6526442307692308
0,Anacyclamide F10P,0.35995995995995994,0.32002002002002006
0,12beta-Deoxydecarbamoyloxygonyautoxin-3,0.05702167766258247,0.47148916116870876
